id,created_at,user_id,content,attachment_base,attachment_extension,title,name
28883232,1595887945,AxPkv3o,"<font color=""#789922"">&gt;&gt;No.28882998</font><br />
通过超自然部的信息/成员翘随身听少女确实是个很有可能的方向，但是信息太少了，实现起来肯定要费时费力，咱们又不太可能专门就为这事又要单独开一周目......我的态度和前面一样，还是留给千问问题吧，咱们还有好多事没做呢。<br />
至于大爷，我觉得调到超自的路子其实没错，现在这样主要是掩护组情况未知+随身听女孩遇害而已。此外超自然部是我们最容易调动到的人数最多也是最先和鬼一方接触的团体，如果没有像大爷一样的人指挥，鬼一方可能就会拿到大量影核来堆雪球，到时候日子就真不好过了。<br />
不过倒也不是说就没讨论价值:<br />
咱们不往超自那边调的话，多半也就只能往操场调，但这一方面缺乏理由另一方面对时机的掌握又颇为严格，或许校车周目若没有提前把大爷叫走的世界线，我们真的能调动成功？<br />
<font color=""#789922"">&gt;&gt;No.26830565</font><br />
不过就算真的这样，从时间上来看随身听女孩遇害确认，超自然部多半要捐，两只鬼还不在一起，我们加上个大爷恐怕也很难逆转局势......",,,,
28883267,1595888457,AxPkv3o,"<font color=""#789922"">&gt;&gt;No.28883232</font><br />
瞎猜时间:<br />
不过我觉得这些都和全活结局关系不大，尽管前期减少受害的思路都没错，但我认为全活结局的关键应该还是在【第一个人受害之前彻底破坏阵势】，而不是让学生尽可能逃亡，实际上就算是全跑到校车的理想世界线，仍有可能出现像钢管双基这样意外挂掉一个的情况，其他情况就更不能保证了",,,,
28883502,1595890767,cR7tzwr,草，天狗哥已经改名小殇君了,,,,
28883532,1595890981,cR7tzwr,"管理员都把爱意表现的这么明显了我们可不好忽视啊|∀` )<br />
下一步大概就是在外面招手让管理员出来（方便一起逃生）<br />
或者是冲进去找管理员（说服她参战）",,,,
28889320,1595906536,KQYKqsv,在天不知道管理员有特殊之处，现在只能当作是有好感的柔弱jk，招手示意jk和我们一起逃生吧,,,,
28895871,1595921626,76ggYgK,"对了，隔着窗跟jk打手势之后，还是先感受一下jk的态度吧，她究竟在听到广播和看到在天开校门之后会有什么新的想法（对我们而言的新想法）<br />
这个回合在天和jk至少还隔着一扇门呢，按ig现在的节奏，回合大概就持续到开门？可以不急着分辩拉她出来还是跟她进去。反正也还没有读秒对吧<br />
毕竟jk此前还完全不考虑出去的事情，要是我们一心想着在天能让jk跟出来或者怎样，那还是太过于自信了。至于在天视角嘛，他反正能感受出jk跟其他人的表现很不一样，除了不知道她深入研究了阖壶鬼之外。直锤向智囊求助也未必不合局势呀。",,,,
28897237,1595925069,x3ohcNk,不一定要随身听女孩去超自吧，刚接触时的态度表明她对于生人是没多大好感的，叫她去超自会让她有一种“你在教我做事”的感觉。但是，当时没聊两句她就想走说明她其实只是偶然在那听歌，我们可以通过几句话将她劝离三楼，没准这已经救了她,,,,
28898642,1595928478,tTx4yiN,"我也觉得保住大爷的唯一方法不是举报超自然部，但是目前我们没有更好的别的方法（这个方法还有一个好处就是打断仪式，消除超自然仪式所致的猜疑链<br />
让随身听女孩不在三楼确实可以依靠我们的主观行动，但是有一点，要「符合局势」。pc们是上帝视角，在经历了这么多周目之后已经知道十几分钟后三楼会发生的事情，可是在天和我们的信息是不共享的，我们必须要给在天一个合理的动机让他去骚扰，甚至蒙骗walkwoman( ﾟ∀。) ",,,,
28898917,1595929153,lqQZAMZ,"<font color=""#789922"">&gt;&gt;No.28898642</font><br />
说起前期的一些事件，比walkwoman更有头绪的是，其实我们一直没让超自然组拍完照片，没有机会留下胶卷，封锁了一个据说是阖壶鬼最惨的结局",,,,
28899021,1595929405,x3ohcNk,"<font color=""#789922"">&gt;&gt;No.28898642</font><br />
当时只是想了解她，她就已经很不耐烦想走了，只是下一回合回头想嘴臭时看到了阖壶鬼( ﾟ∀。)",,,,
28899053,1595929482,x3ohcNk,"<font color=""#789922"">&gt;&gt;No.28898917</font><br />
问题在于摄影小哥在之前的周目一直没有存在感，因为他通常都是下楼然后GG。也许我们可以尝试把摄影机搞到手",,,,
28899330,1595930025,lqQZAMZ,"<font color=""#789922"">&gt;&gt;No.28883068</font><br />
<br />
别说大爷对后符了，女寝都有人有机会偷袭后符得手，钢管二人组运气爆表的话甚至能挟持后符( ﾟ∀。)大爷还是专业的呢<br />
对超下场这个事实在结局里面已经明说过几次了，只是我们没有机会以在天视角亲自确认而已",,,,
28902147,1595936447,tTx4yiN,"<font color=""#789922"">&gt;&gt;No.28899021</font><br />
是的 所以我认为随身听女孩是个硬茬 靠不超游的在天拯救难度真挺大的(*ﾟーﾟ) 不过我们之前叨逼叨叨逼叨也算是把她给引走了，只是如果没有三楼的她等会阖壶鬼就会直接杀上超自然部了吧( ﾟ∀。)",,,,
28902501,1595937278,AxPkv3o,"<font color=""#789922"">&gt;&gt;No.28899021</font><br />
或许我们的行动顺序一开始就搞反了，是应该先嘴臭随身听女孩然后再叫门卫的才对，不然即使嘴臭下去也会撞见正想搞两个影核的阖壶鬼",,,,
28902708,1595937792,tTx4yiN,"<font color=""#789922"">&gt;&gt;No.28902501</font><br />
下周目可以试试这个( ﾟ∀。)只要不是运气差直接下楼找门卫中途就遇上小女孩就行<br />
不过咱们得给在天想一个合理的嘴臭walkwoman完了又下楼找人举报的动机(`ε´ ) 骚扰随身听女孩的理由大家想  下楼找门卫可能是搭讪失败生气我不好过大家也不好过就找人举报？",,,,
28903266,1595938875,AxPkv3o,"<font color=""#789922"">&gt;&gt;No.28902708</font><br />
其实可以考虑让rushroom帮忙去举报超自然部，咱们专心嘴臭.......不过可能性不是很大，因为rushroom和门卫大爷间的关系不是很好，等下一周目把他敲醒的时候问一嘴吧，没准请一个月rushroom能奏效？",,,,
28903507,1595939291,76ggYgK,这个周目总觉得能解锁更多的东西……二周目我们很多窗户纸没捅开，有在天在身边还让jk更加麻痹大意,,,,
28903581,1595939416,76ggYgK,"<font color=""#789922"">&gt;&gt;No.28903266</font><br />
应该比叫钢管二人组去靠谱，男寝里比较纯良的男生也就在天跟mushroom了吧",,,,
28903655,1595939562,QP3wlt0,"<font color=""#789922"">&gt;&gt;No.28903507</font><br />
二周目就是一怂到底的路线( ﾟ∀。)其实有的时候应该作下死的（比如说食堂的人破窗而入时 不过那个时候大家以为继续苟着可以活得更久(つд⊂)<br />
不过二周目也是有意义的 即告诉我们一直在学校里苟、被动是不可能达成好结局的（也会有其他势力介入( ﾟ∀。) ",,,,
28903757,1595939750,QP3wlt0,"<font color=""#789922"">&gt;&gt;No.28903266</font><br />
是mushroom啦(`ε´ )",,,,
28903865,1595939953,AxPkv3o,"<font color=""#789922"">&gt;&gt;No.28903757</font><br />
啊(|||ﾟДﾟ)是这么回事，我看错了，rm分不清",,,,
28903967,1595940166,tTx4yiN,"<font color=""#789922"">&gt;&gt;No.28883267</font><br />
我赞成你关于全活结局的想法<br />
但是这很难达到，因为一是没有上帝视角的在天没有相应的知识可以强行破坏阵势， 二则是阖壶鬼对于此次行动的决心很强，是哪怕牺牲一个也必须要达到的目标，没有一个权威/具有专业知识的人在我们身边，我们很难不超游地制服阖壶鬼/破坏阵法<br />
（如果在天能继承记忆，当然可以blabla嘴炮一大堆，可惜……( ﾟ∀。) ",,,,
28904078,1595940408,tTx4yiN,"倒确实可以试试引大爷去操场(*ﾟーﾟ)<br />
但是我觉得最好得在甚至红雾都没起来前就破坏掉 要找个合理的动机啊(´ﾟДﾟ`)<br />
【没有红雾的异常现象我们很难用合适的理由找大爷陪我们逛操场，等有了红雾再去找大爷第一个受害者就应该已经出现了吧|-` ) ",,,,
28904486,1595941181,AxPkv3o,"<font color=""#789922"">&gt;&gt;No.28903967</font><br />
我觉得问题的关键还是在保证随身听少女+超自然部的存活上。只要能保证这两点，我们就能把首个受害者的出现时间大幅度延后，之后再想办法通过红雾煽动起在天等人的警觉意识来转守为攻，毕竟能知道阖壶鬼相关知识的打手还是很重要的，我很难想象在天能在不超游的情况下单人破坏阵势，光是读书都得要时间呢",,,,
28904505,1595941209,76ggYgK,"<font color=""#789922"">&gt;&gt;No.28903967</font><br />
对阖壶鬼研究最多的jk不是自闭，就是想重锤出击（一周目），偏偏不选择说服，这很说明问题了吧<br />
哪边把哪边说服了还不好说呢……",,,,
28904528,1595941258,76ggYgK,"<font color=""#789922"">&gt;&gt;No.28904505</font><br />
oh，制服看成了说服，我的锅",,,,
28905009,1595942192,122iiCI,"<font color=""#789922"">&gt;&gt;No.28904078</font><br />
骗大爷这个理由好编，还是那一套想跑出学校所以瞎举报一个地方支开大爷就成，或者想个需要进门卫室的理由来骗大爷出去",,,,
28905084,1595942350,76ggYgK,"奖励团里提及阖壶鬼对摄影小哥的杀意其实很微妙……阖壶鬼在知道超自然组cos自己之前，应该不至于将杀意特定到个人。<br />
<br />
可以想象这么一条分支线：<br />
我们设法调开了walkwoman，后符没拿到一血<br />
后符按原定计划抵达超自然组的教室，因为超自然组人多势众，就伪装成无害萝莉<br />
后符目睹了摄影<br />
在接近一周目女生上厕所的场景中伺机刀掉白菜和/或甘蓝，转化影噩<br />
此后分化超自然组，在里应外合下完成团灭<br />
将相机的胶卷处理掉<br />
<br />
所以调开walkwoman之后超自然组的问题还是很棘手的？主要是大爷能不能在阖壶鬼伪装得手之前出手干预",,,,
28905336,1595942886,tTx4yiN,"<font color=""#789922"">&gt;&gt;No.28905084</font><br />
是的 如果我是后符 我想的肯定也是利用自己的外貌伪装成无害的老师孩子 然后利用落单杀人 即使我们想方设法不让学生和后符单独相处也很难做到|-` )【比如上厕所什么的<br />
而在发现异状之前学校众根本无法引起警惕 <br />
（摄影小哥的话会不会是拍到了随身听女孩的尸体这种东西？超自然仪式应该不会是真的生效的吧 如果是可以根据书中的知识cos的拍到也没啥关系吧( ﾟ∀。)",,,,
28905376,1595942967,tTx4yiN,"<font color=""#789922"">&gt;&gt;No.28905009</font><br />
但是让大爷独自去操场也有可能会在不够谨慎的情况下直接捐了吧(|||ﾟДﾟ)",,,,
28905524,1595943301,tTx4yiN,"<font color=""#789922"">&gt;&gt;No.28905336</font><br />
比方说 小女孩说天黑了自己上厕所害怕要让姐姐陪自己/天黑了自己走夜路害怕要让谁谁陪自己( ﾟ∀。) 我们根本没有足够的理由怀疑她会是杀人的鬼 从而对她抱以足够的警惕【最多最多 超自然的书上面提到阖壶鬼小女孩 但也只是稍微怀疑一下吧……|-` )还是很容易得手的<br />
但是我认为也是可以一试的 发现谁不见了我们找个理由去找她 如果碰见现场就可以打断第一个影噩的生成仪式了| ω・´)【当然也有可能会导致学生的捐掉 ",,,,
28905557,1595943386,76ggYgK,"<font color=""#789922"">&gt;&gt;No.28905336</font><br />
超自然仪式这个，主要是对一周目里的描写记忆深刻：<font color=""#789922"">&gt;&gt;No.21543993</font><br />
严格的光线条件可以将躺玻璃棺材的方言小哥拍出悬空无托的效果，诸如此类，就差没直说以假乱真了<br />
所以我觉得可能拍摄出来的胶卷会落入某些势力并对阖壶鬼极度不利吧",,,,
28906772,1595945977,122iiCI,"关于摄影小哥和阖壶鬼的关系我有一个假设：<br />
<br />
摄影小哥有没有可能不是在今晚，而是更早之前拍到了阖壶鬼相关的照片？并且还是那种一般人能看不出来门道，但对于了解阖壶鬼相关情报的人来说确非常重要的某些东西。<br />
<br />
顺便这也可能是超自今晚拍摄灵异照片时选择“阖壶鬼”这一题材的原因？不然也不会这么巧合到这儿拍照片，下面就真的发生了阖壶鬼杀人事件。",,,,
28907519,1595947537,RQQbrDK,所以肥哥们这次行动定了吗？我等着复议|∀` ),,,,
28907705,1595947965,RrRXxWn,"<font color=""#789922"">&gt;&gt;No.28882870</font><br />
<font color=""#789922"">&gt;&gt;No.28882598</font><br />
<font color=""#789922"">&gt;&gt;No.28879141</font><br />
<font color=""#789922"">&gt;&gt;No.28879055</font><br />
<font color=""#789922"">&gt;&gt;No.28879195</font><br />
<font color=""#789922"">&gt;&gt;No.28879333</font><br />
<font color=""#789922"">&gt;&gt;No.28879346</font><br />
<font color=""#789922"">&gt;&gt;No.28879911</font><br />
大概够了？( ﾟ∀。)",,,,
28908006,1595948627,Ig7nipt,"<font color=""#789922"">&gt;&gt;No.28879055</font><br />
<font color=""#789922"">&gt;&gt;No.28879141</font><br />
<font color=""#789922"">&gt;&gt;No.28879195</font><br />
<font color=""#789922"">&gt;&gt;No.28879301</font><br />
<font color=""#789922"">&gt;&gt;No.28879733</font><br />
<font color=""#789922"">&gt;&gt;No.28879333</font><br />
<font color=""#789922"">&gt;&gt;No.28879346</font><br />
<font color=""#789922"">&gt;&gt;No.28880337</font><br />
<font color=""#789922"">&gt;&gt;No.28882598</font><br />
<font color=""#789922"">&gt;&gt;No.28882870</font><br />
<font color=""#789922"">&gt;&gt;No.28907519</font>",,,,
28908194,1595949089,tTx4yiN,"<font color=""#789922"">&gt;&gt;No.28906772</font><br />
不能排除这个可能( ﾟ∀。) <br />
超自然部这么巧合在这个时候模拟阖壶鬼仪式肯定是有猫腻的(=ﾟωﾟ)=",,,,
28908271,1595949261,tTx4yiN,"<font color=""#789922"">&gt;&gt;No.28908194</font><br />
当然如果真的是巧合( ﾟ∀。)( ﾟ∀。)那我没话说 <br />
奖励团最后的总结是阖壶鬼知道超自然部的仪式的，就是不知道她们是从一开始就知道所以挑了这个时机（又或者，故意引导超自然部在这个时候开始）还是她们在行动中得出的结论【介于阖壶鬼对于此次行动筹谋已久，充分了解校内情况的前提下，我倾向于她们可能是知情的(・ー・) ",,,,
28908440,1595949605,Ig7nipt,"你蹩脚的比了个手势，你不认为这个手势能显得自己帅多少。她倒是能明白你的意思；侧身回到走廊的影子里，窗口就没有了人影。若不是之前的微亮，图书馆完全不会像是有人的样子。<br />
<br />
而抵达东门的时候，孤殇几人已经在食堂后方组织好了，除了甘蓝、老师和阿姨外还有两个女孩子。看到你的第一反应是举起灯座，威胁你不要接近——随后问你怎么样了。<br />
<br />
“我把北门开了。”你如实回答。<br />
<br />
“男寝那边有有规律的碎玻璃声。”他还是举着不动，不论如何，方才的广播已经明了传达过这一点，为了生命的责任，五米安全距离的观念此刻不得姑息，“你带着人先走。我还有要做的事情。”<br />
<br />
他这一句话已经很明确了。你告诉他：<br />
<br />
“我还要去找管理员，她应该在图书馆。你如果是要去找……小涵的话，你一个人太冒险了。”<br />
<br />
“我不想拖累别人。”<br />
<br />
说是这么说，你觉得他只是英雄主义妄想作怪。<br />
<br />
他自顾自向你走近，越过安全线，亲身证明了你的可信性，然后把灯座再次交还给你。这个档口，男寝已经又有几声碎玻璃炸起。时间一分一秒是不值得浪费的。<br />
<br />
23:51<br />
<br />
而此刻，旭他们，教一的人，还有男寝，每一个地方都是未知数。到底有几人已经牺牲了呢？<br />
<br />
你的行动？",,,,
28908612,1595949992,76ggYgK,你们这个小涵真的是害人不浅啊( `д´),,,,
28908631,1595950014,RrRXxWn,"也就是说以下几点<br />
1我们这周目估计是没法在完全已知信息下做出判断了，必须赌一赌<br />
2后符带着影噩在扫图扫男寝，一时半会还过不来，但我们再拖一会她就过来了<br />
3现在在这里不要试图用话术劝天哥了，白费时间<br />
4我们需要做出决断，让女生自己走我们去找jk还是又一次鸽了jk我们带着女生走<br />
5如果走的话，北门赌双gay坐校车还是直接冲村子，冲村子的话分散还是一起",,,,
28908693,1595950145,34DLtQw,"“我也有要做的事情，你要去找小涵，我也要去找图书管理员。”<br />
( ﾟ∀。)感觉这么告诉他是不是更帅了",,,,
28908847,1595950422,RrRXxWn,"虽然如果不看ig7的提示的话我很想现在劈头盖脸的骂他<br />
以下是我这一次的动议：<br />
“xx玩意儿你现在不把这些女生带走才是拖累别人”广播已经说的很明白了你现在回去送只能给鬼的账面上再添一笔战绩<br />
<br />
带着女生到北门，在那里有校车，如果小涵听到广播很可能在那，因为我们兵分三路的救援组行动范围覆盖了整个学校，如果看到她一定会带上她的，你也相信小涵的魅力吧？！如果在北门还是没有的话，你再去学校内完成你的使命吧。<br />
<br />
至于我，和图书管理员有着不下于你对小涵的身后感情，我也必须去救她，我相信你能理解我的。”",,,,
28908892,1595950489,RrRXxWn,“现在鬼还在清扫男寝，等过一会我们谁都别想逃出去”,,,,
28908909,1595950514,bLckiLh,jk，我的jk(;´Д`),,,,
28909000,1595950712,AxPkv3o,带她们去北门吧，男寝这个时候才扫荡(或者是广播组在给其他成员争取时间，但可能性太低)，那双基无论如何都肯定能逃出来了，去北门看一眼校车和影噩的情况，如果不对头就直接让女寝众冲村子，咱们再从东门迂回到图书馆。,,,,
28909018,1595950738,76ggYgK,"<font color=""#789922"">&gt;&gt;No.28908693</font><br />
<br />
很帅<br />
<br />
剩下的人也得打包进图书馆了吗 还是直接让老师或者阿姨带下山 风快起来了<br />
其实我盲猜食堂阿姨可能就是山民 会懂点山路",,,,
28909146,1595951033,AxPkv3o,"<font color=""#789922"">&gt;&gt;No.28909000</font><br />
不过这里也可以忽悠孤殇说“原本我们是打算筹集人员从北门集合后找校车逃脱的，你与其像没头苍蝇乱跑不如一起去北门看看”之类的，像孤殇这种性格得用足够的可能性压他，意气用事恐怕只会更惨",,,,
28909284,1595951322,122iiCI,"先和老师和食堂阿姨确认下他们会不会开车，不会，好，让他们从东门出去在树林子里绕到北门外待机，等二十分钟（时间再议）看看广播组有没有人会开校车出来，如果时间到了还没有出来或者大人们判断学校里形势恶化不能再等了就带着这几个幸存者往村子里去，一般来说食堂阿姨都是本地人，也许会认得山路。<br />
<br />
然后咱们就杀去图书馆捞人！",,,,
28909363,1595951500,RrRXxWn,"我人傻了，拖累指的是一起去找小涵<br />
但是我们现在感觉小涵大概率跑出来了就<br />
一时生气想去怼他了（果然熬夜伤脑）",,,,
28909367,1595951507,tTx4yiN,孤殇果然和我之前预料的一样，以小涵为最高行动准则想要脱离队伍单独行动了( ﾟ∀。),,,,
28909475,1595951749,RrRXxWn,"所以还是<font color=""#789922"">&gt;&gt;No.28909146</font><br />
劝一下天哥去北门看看再一个人去找小涵吧，话可以部分采取<br />
<font color=""#789922"">&gt;&gt;No.28908847</font><br />
中间那段的吧<br />
<br />
天哥如果还是执着就果断放弃天哥采取<font color=""#789922"">&gt;&gt;No.28909284</font><br />
的行动？",,,,
28909578,1595951939,76ggYgK,"变成天狗模式那肯定劝不动呀<br />
可以赌一把，引导他去男寝那边增援<br />
在天不认识随身听，知道有小涵这个人但听不出她说话声音。正常人角度不会跟孤殇说“被刀掉的随身听可能是小涵”，那就跟他说“实验室那个女生”吧<br />
把燎也供出来好了，天狗当然不会在意的对吧<br />
<br />
“其实我们分头行动之前，在教二实验室里听到过一男一女的声音，男的是燎，那个女生我就不认识了。我们当时急着分头行动，就让他们赶快出来之后到我们这边或者到旭那边汇合。看样子他们没有过来，那很可能就是到办公楼或者男寝去找旭他们了。现在一想，那个女生该不会是……”<br />
<br />
灯座，在天不下山，给老师或者阿姨吧，顺带问下两个大人会不会开校车",,,,
28909666,1595952099,76ggYgK,燎和小涵在上个周目是看到有人上了校车才跑过来的，这周目会不会还来……说不准哦 而且他们俩没有可以使役的人的话好像还都挺脆弱的,,,,
28909740,1595952235,tTx4yiN,"<font color=""#789922"">&gt;&gt;No.28909367</font><br />
“自顾自地走近”“越过安全线亲身证明” 怕是天狗哥一自由行动遇上个拟态就马上捐了哦( ﾟ∀。)<br />
对于天狗哥我们不能意气用事和他争，没用的。看下ig7对于天狗的描述：「坚毅的眼神下，你看见了一个仿佛灵魂被谁的锁链栓死的人，哪怕月光也无法为他带来光明」<br />
你哪怕和他说他会死他也不会听你的，更别说别人怎么样了，只要可能有小涵的信息就算知道是陷阱他估计也会去送。<br />
接下来要么就劝服他再去北门，要么就放他走。只是到了北门估计真的阻止不了他落单了（除了小涵在场）就算校车能开他也会跳下去回校园找小涵<br />
<br />
哎……孤殇你倒是甩手掌柜去找小涵了，我们啥时候才能和jk贴贴啊( `д´)( `д´)( `д´) ",,,,
28909751,1595952259,mu2DVqf,"<font color=""#789922"">&gt;&gt;No.28909666</font><br />
小涵应该挺脆弱的，燎应该不至于，起码比在天要强( ´_ゝ`)",,,,
28909962,1595952698,x3ohcNk,"<font color=""#789922"">&gt;&gt;No.28903507</font><br />
二周目意味着前期的不参与，观察局势的进展，也就是一个主收集情报的周目。虽然该周目可操作余地较少，但图书馆一侧在那个晚上是安全的(阖壶鬼非紧急情况不会杀害jk和在天，若有普通人进入图书馆仍会袭击）我关于二周目的路线是前往天台四处观察，然后回去睡觉，待阖壶鬼广播后强行前往天台观察，再睡觉，白天和交谈后直接出门避开二周目结局。不过现在方向是追求帮助他人存活+尽量破坏局势，二周目不适合复刻",,,,
28910103,1595953046,AxPkv3o,"<font color=""#789922"">&gt;&gt;No.28909475</font><br />
我觉得从校外迂回去北门这事得咱们手操，一个是压住残殇(至少在到北门前)不让他有什么新想法，导致咱们原本计划出现偏差，一个是在路中可以了解到女寝众的一些详细情报，再一个则是咱们本来也不缺这点时间，图书管理员安全的很，咱们也不是说就不去了，等广播零点报时的时候去都不迟",,,,
28910205,1595953239,AxPkv3o,"<font color=""#789922"">&gt;&gt;No.28910103</font><br />
啊呸，孤殇，我今天怎么老打错字啊(;´Д`)",,,,
28910211,1595953247,tTx4yiN,"<font color=""#789922"">&gt;&gt;No.28909284</font><br />
<font color=""#789922"">&gt;&gt;No.28909578</font><br />
我fy这两个( ﾟωﾟ)<br />
<br />
告诉孤殇我们的推测，让他就算送也送得有意义些。然后问大人有没有会开校车的，没有那先出东门从树林到北门附近待机，情况不对就走人（不过走树林夜路会不会也鬼打墙啊|д` )<br />
灯留给女寝众，我们就独身一人去找图书管理员。（不能让女寝众等我们，如果她们不答应就告诉她们能逃出一个是一个，女生们需要大人的照顾，如果我没有遇到问题也会想办法逃出学校",,,,
28910252,1595953349,76ggYgK,"<font color=""#789922"">&gt;&gt;No.28908440</font><br />
阅读理解：“她倒是能明白你的意思”<br />
——jk到底明白了啥 是好好藏起来等在天来救吗",,,,
28910403,1595953615,tTx4yiN,"其实如果没人会开车后面的情节就简单些直接奔图书馆了(=ﾟωﾟ)=如果有，就要选择是我们和女寝众一起去，还是我们先找图书管理员再一起去？其实我有点怕这次去北门会遇上想要破坏校车查看情况的鬼|д` )【如果分开来得把北门钥匙给女寝众 <br />
<br />
对了，关于树林，突然想到在树林找去村落的方向真的安全吗|д` )大家还记得故事开始前的一个月里在校外失踪（其实是被害 有黑色血）的学生吗|д` )说不定校外也有别的掌握了利用影核技术的东西呢 ",,,,
28910461,1595953734,tTx4yiN,"<font color=""#789922"">&gt;&gt;No.28910211</font><br />
我暂且收回关于问女寝众有没有人会开车后让她们去树林绕路的附议|д` )<br />
先附议 告诉天狗实验室的情况推测以及问大人有没有会开车的行动 ",,,,
28910678,1595954171,AxPkv3o,"<font color=""#789922"">&gt;&gt;No.28910403</font><br />
就算不安全也得冲村子，冲村子或许还能活两个人，藏到图书馆里完全就是一个死。(话说北门都让咱们开开了铁链都处理掉了为啥还要钥匙啊)",,,,
28910864,1595954624,lqQZAMZ,"<font color=""#789922"">&gt;&gt;No.28908440</font><br />
白菜哪去了 是bug吗( ﾟωﾟ)",,,,
28911008,1595954949,20aFfM6,"1、我觉得女寝一群人送出学校好，大量人员离开会影响阵势，存在小部分拖延时间的可能；如果鬼选择追杀，至少鬼赶来给其他几组争取时间，校外大量击杀要带回学校转化；就算鬼没追像翻车那样倒在校外也好，控制最终敌人数量，如果有校外转化功能也能摸一下底。<br />
2、同意问有没有人会开车，“校车—提醒安全带”是一条已知的逃生路线，保证女寝众走。参考前面的2人存活和8人存活结局，双gay如果没手操看起来并不能存活，大胆推测2人选择了正确的路不一定指校车，还有其他的路能逃，东西两门在某条件下点直接步行应该能行。建议现在劝孤至少和在天一起护送众人，小涵听到广播有可能去北门做车为理由。<br />
3、最后就是路线选择，看lg提示时间要不够了，建议有人能开车：女寝众走校外，在天说服孤和自己去北门找小涵/检查车，女寝众途中看到情况不对直接下山。没人能开车大部队直接走。",,,,
28911150,1595955223,lqQZAMZ,"<font color=""#789922"">&gt;&gt;No.28910403</font><br />
阖壶鬼本来就是从校外翻进来的呀 而且现在外面没有红雾也没有风 我觉得不至于校外还有一个超自然力量X",,,,
28911165,1595955244,tTx4yiN,"<font color=""#789922"">&gt;&gt;No.28910678</font><br />
担心有意外情况( ﾟ∀。)",,,,
28911303,1595955565,tTx4yiN,"<font color=""#789922"">&gt;&gt;No.28911150</font><br />
因为之前ig7说<br />
「 当然，将影核通过人身转移也并非不行。包装起来扔掉，或是通过容器转移到其他地方；还有一个关键。影核如果有了这个关键，不仅不再是需要消灭之物，甚至会成为一种我方也需要的资源。」<br />
影核也是可以为人类所利用的，而且前后符进校园前影噩数量为0<br />
如果只有两只阖壶鬼掌握了这种转化方法那事情估计简单些（可能那三人只是做实验的道具？）树林暂时安全，但是如果不是情况就变得复杂了|д` )",,,,
28911373,1595955696,AxPkv3o,"<font color=""#789922"">&gt;&gt;No.28911165</font><br />
是北门钥匙吗？要是那种情况下，几乎只能是鬼一方把我们给关在外面/里面了，咱们也就没有去开门的必要了，鬼一方肯定已经把校车处理掉了，搞不好还会有埋伏。所以我觉得也没必要在乎，见关门就不到跟前凑活就完事了",,,,
28926447,1596009161,lqQZAMZ,说起来，钥匙必不能旁落啊，不然前功尽弃了,,,,
28935666,1596026729,RQQbrDK,"<font color=""#789922"">&gt;&gt;No.28911008</font><br />
复议复议|∀ﾟ",,,,
28936226,1596027865,RQQbrDK,"<font color=""#789922"">&gt;&gt;No.28935666</font><br />
草，突然发现错字了，是附议(;´Д`)",,,,
28936657,1596028872,AxPkv3o,"<font color=""#789922"">&gt;&gt;No.28911008</font><br />
感觉大致思路差不多，那附议，不过问校车问题的时候要详细一点，校车这玩意不仅要有驾驶能力，还得有人能把这车开动，不然就得等旭拿钥匙，或者钢管双基和mushroom中的某人在场，能把这车开开了<br />
<font color=""#789922"">&gt;&gt;No.28279278</font><br />
<font color=""#789922"">&gt;&gt;No.27108090</font>",,,,
28939869,1596035223,122iiCI,我的意见是没必要劝天哥，他为了小函要独走，咱们为了管理员也要独走，既然咱们自己都做不到为了大部队和放弃在意的人，也就没有啥立场来说服天哥留下了,,,,
28939984,1596035475,AxPkv3o,"<font color=""#789922"">&gt;&gt;No.28939869</font><br />
总要试一次嘛，现在强行做一回，以后的周目要是再碰到这种情况也能有点底，再说也就一句话功夫花不了多少时间的",,,,
28940476,1596036393,Ig7nipt,再来点附议(=ﾟωﾟ)=,,,,
28941514,1596038191,9GDPV4S,"<font color=""#789922"">&gt;&gt;No.28936657</font><br />
我就是无情的附议机器",,,,
28941770,1596038655,Ig7nipt,太晚了，那么今天差不多到这里了，开始自由讨论吧( ﾟ∀ﾟ),,,,
28942103,1596039336,Fkq0c6B,"<font color=""#789922"">&gt;&gt;No.28911008</font><br />
fy",,,,
28942126,1596039380,tTx4yiN,今天更新没了( ﾟ∀。),,,,
28942216,1596039561,tTx4yiN,"<font color=""#789922"">&gt;&gt;No.28911008</font><br />
我附议这个 但是第二点我还想提点意见<br />
1我赞同axp老哥说要问得详细一点的提议<font color=""#789922"">&gt;&gt;No.28936657</font><br />
2 劝服孤殇 如果孤殇实在不同意和我们走，那么告诉他实验室的女生可能是小涵的信息 具体措辞就用这位老哥的<br />
<font color=""#789922"">&gt;&gt;No.28909578</font>",,,,
28942450,1596040058,lqQZAMZ,感觉我们给ig7的输入好像都只能是顺序结构的操作 要是给了条件判断 就会直接卡在判断之前，或者直接跳过( ﾟ∀。),,,,
28942471,1596040113,122iiCI,( ﾟ∀。)所以各位能先把附议的那串转换为具体的行动吗,,,,
28942524,1596040222,122iiCI,"<font color=""#789922"">&gt;&gt;No.28942450</font><br />
实际上ig是鼓励大家指定针对不同反馈进行不同行动，但是今天大家附议的这串不觉得并没有定下“具体行动”吗",,,,
28942910,1596041165,AxPkv3o,"我附议时希望能明确定下来的行动，我觉得就两个，一个是询问女寝众是否有能开车的能力，一个是忽悠孤殇看是否能把他带到北门，再往后就定不下来了(涉及到两重条件判断)<br />
这里主要的问题是，我们从上次更新到现在，提出的大部分方案都是以前者作为判断依据的，也就是说为了这个问题咱们大概率要用掉一动，除非不管这个问题强行把女寝众+孤殇带到北门去......",,,,
28943153,1596041791,AxPkv3o,"<font color=""#789922"">&gt;&gt;No.28942910</font><br />
ps:前者指那个问会不会开车的问题(我总感觉自己表达不畅.......)，咱们现在几乎所有的方案都在讨论这个问题，几乎是避不开一动来专门解释的，而把前者的问题解决掉，其实也就解决了最关键的女寝众的路线问题，孤殇去不去北门这事就反倒好说了，劝不动不管他就行",,,,
28943181,1596041868,20aFfM6,"和楼上差不多的意思，之前那条夹杂了分析，简单来说就是<br />
1、问是否有人有开车技能 。<br />
2、如果1成立，直接尝试用小涵可能从二教下来去做校车说服孤殇去北门。<br />
如只能一次询问判定一动就先做1，剩下的看反馈 ",,,,
28943254,1596042069,122iiCI,"<font color=""#789922"">&gt;&gt;No.28943181</font><br />
不妨咱们把1为否的情况也考虑出来制定成行动<br />
<br />
如果都没人会开车的话是不是让老师带队把女寝众从东门出去带到北门外，如果决定这样做的话还要对天哥说些什么",,,,
28943741,1596043544,AxPkv3o,"<font color=""#789922"">&gt;&gt;No.28943254</font><br />
我插个嘴，目前孤殇我们能指使的方向就三个:<br />
1.北门，这个之前已经讨论过很多次了，就是基于一种理想情况下为了榨干/拯救孤殇的判断，让孤殇最后干一次检查校车/护送女寝组的工作，当然如果广播组等人做的足够好，就是最理想情况了——虽然我觉得几率渺茫......<br />
2.教二，用ghs二人组的理由引他过去，不过作为人类方和鬼方都不看重的地方，那里现在大概率没人，小概率会碰上躲藏的掩护组或者ghs二人组，所以我觉得回报比较低。<br />
3.男寝—教一—办公楼区域，让孤殇去和广播组汇合(双基恐怕没有领导力能拉拢来孤殇)。这里孤殇危险比较大，但是回报也高，如果ghs二人组去和广播组汇合的话，和广播组的汇合基本可以保证孤殇的逃离(存活就不一定了)<br />
我个人比较希望选一，你小子活都没干完还想翘班(｀･ω･)。不过还有一种更理想的情况，就是给他把路线规划好，忽悠孤殇告诉他北门→教2→教1→男寝区域的这条路线是最好找你那女神的路线，这样应该能给咱们争取到大量机会+防止孤殇暴毙......不过真的有可能吗？",,,,
28956587,1596092137,RrRXxWn,"<font color=""#789922"">&gt;&gt;No.28911008</font><br />
附议",,,,
28956626,1596092232,Ig7nipt,再来点附议(=ﾟωﾟ)=,,,,
28957494,1596094149,122iiCI,( ﾟ∀。)ig的意思已经很明确了，为什么还在附议那段，同意这个思路也要把他转换成可用的行动啊,,,,
28957764,1596094771,AxPkv3o,"<font color=""#789922"">&gt;&gt;No.28943181</font><br />
靠，那应该是附议这段？不过我觉得没必要通过问会不会开车来判断劝不劝孤殇，左右都是要让他去北门的",,,,
28958206,1596095862,122iiCI,"<font color=""#789922"">&gt;&gt;No.28957764</font><br />
那么至少先把准备用来劝天哥的话术准备好，怎么劝呢",,,,
28958297,1596096091,AxPkv3o,"<font color=""#789922"">&gt;&gt;No.28958206</font><br />
本身我刚才附议的就算一种，详细的内容可以参考这个？<br />
<font color=""#789922"">&gt;&gt;No.28909475</font><br />
反正去北门的大体理由都是“以小涵有可能会被我们集合到北门”之类的",,,,
28958331,1596096160,76ggYgK,我觉得孤殇多少有点心猿意马了，会想话术的同学加油吧( ﾟ∀。),,,,
28958403,1596096325,122iiCI,"<font color=""#789922"">&gt;&gt;No.28958297</font><br />
( ﾟ∀。)这套来套去反复引用的，最好整成一段完整的话来吧，前面“中间那段”指的是哪段，太含糊了吧",,,,
28958518,1596096642,AxPkv3o,"<font color=""#789922"">&gt;&gt;No.28958403</font><br />
靠，我寻思不是还有讨论空间吗，就找个相对说的多的了。<br />
实际上我自己早说过一遍了，就是最上面那个“原本我们是打算筹集人员从北门集合后找校车逃脱的，你与其像没头苍蝇乱跑不如一起去北门看看”",,,,
28958609,1596096872,RrRXxWn,"以下动议：<br />
这次就以小涵可能和我们其他组接触到北门集合为理由劝说天哥和我们一起互送女生到北门看看有没有人到校车那里吧。<br />
<br />
以下废话：<br />
别问有没有人会开车了，反正都要过去的<br />
除非我们觉得这次直接送人走树林去村子不然不影响<br />
不过之前ig7也说了要下山一定要车，如果没人会开车不如进村<br />
我只是觉得可以赌一把双gay已经到车子那边准备开车了<br />
下次可以试试跑村子里去",,,,
28958790,1596097285,122iiCI,"<font color=""#789922"">&gt;&gt;No.28958518</font><br />
一个是线路问题，一起去北门的话从校内还是校外走<br />
<br />
另一个是一起去的话有没有包括在天呢",,,,
28958988,1596097830,AxPkv3o,"<font color=""#789922"">&gt;&gt;No.28958790</font><br />
我觉得前一个问题不在本动的讨论范围内，得先确定女寝众的路线才能确定孤殇的路线。<br />
而后面那个，是，我希望尽量让孤殇和在天一起行动到北门，目的有三:<br />
其一是压制孤殇别让他有什么新想法；<br />
其二是看能不能问出一些和女寝众/小涵的新情报；<br />
其三则是本来就是顺路，咱们去图书馆也要往北走的；",,,,
28959878,1596099886,AxPkv3o,"<font color=""#789922"">&gt;&gt;No.28958988</font><br />
要是没问题的话，我总结一下，另外我现在所有的总结都是对<br />
<font color=""#789922"">&gt;&gt;No.28911008</font><br />
<font color=""#789922"">&gt;&gt;No.28943181</font><br />
附议的延伸:<br />
1.以“我们原计划是要筹集人员到校车处集合”为主要理由，尝试说服孤殇使其愿意前往北门<br />
2.询问在场众人中是否有人具有将校车开走的能力，询问时尽量问的详细一点，把将车开动/驾驶能力这些都问一遍",,,,
28960668,1596101480,122iiCI,"<font color=""#789922"">&gt;&gt;No.28958988</font><br />
校内校外很重要:现在天哥和在天都加入队伍的话就有足足七个人，这么多人如果从校内移动到停车场的话目标太大，并且一开始打开东门就是为了让女寝众转移出学校降低风险。<br />
<br />
再来就是找管理员的问题，咱们第一次在图书馆楼下遇到天哥时为什么不去叫管理员呢？就是因为咱们知道很难劝管理员从图书馆出来，为了不把其他人置于危险的境地才选择先去女寝。那么在咱们队伍人数翻番的现在，再带着这么多人从校内跑去敲图书馆的门不就更危险了么。<br />
<br />
并且咱们再考虑下，现在把天哥劝来和我们一起移动到停车场后，如果天哥发现小涵不在那里又准备独走的情况下，咱们怎么选择。",,,,
28961157,1596102540,AxPkv3o,"<font color=""#789922"">&gt;&gt;No.28960668</font><br />
我的意思不是说不重要，是因为本动大概率不会涉及到这些方面，而且目前争议还不小。<br />
要我主张的话，肯定是从校外迂回过去，我们现在之所以有去北门的底气，就是因为在校外的话鬼一方无论是在阵势上还是在袭击我们上都有不小的麻烦，如果在校内结果一去完阖壶鬼把东门和北门一堵包了饺子，那可就不好玩了。<br />
至于去图书馆肯定是把手上这些事情收拾完之后才过去，直接把人都带过去太蠢了，最坏的情况下复刻1周目也拿不到什么像样的情报。<br />
还有孤殇到哪发现没人的问题，我之前说过，最理想的情况是给他指一条【北门→教2→男寝区域(和广播组汇合)】的路，理由就以“集合的人还没到，你从教2去男寝附近那找找广播组”之类的",,,,
28961172,1596102578,AxPkv3o,"<font color=""#789922"">&gt;&gt;No.28961157</font><br />
不过实际上应该不会有这么顺利，只要能忽悠他去找广播组应该就算达成目的了",,,,
28962583,1596105791,122iiCI,"<font color=""#789922"">&gt;&gt;No.28961157</font><br />
对头，从东门出去移动到北门大家基本都同意，那么咱们再看看，到北门之后女寝众是安排全部跑去不一定有人的停车场，还是说直接猫在北门外的小树林子中等校园内的变化呢。<br />
<br />
劝完天哥陪咱们一起从东门绕到北门，女寝众就在外面，天哥一个人进去的话，和现在给天哥指出“停车场-教二-男寝”线路推荐他去的区别也不大嘛",,,,
28963367,1596107523,AxPkv3o,"<font color=""#789922"">&gt;&gt;No.28962583</font><br />
(在去北门而不是从东门出去后就地遣散的情况下:)<br />
我的主张和你之前举的类似，查看北门附近的情况:<br />
如果已经堵上了就把女寝众就地遣散，在天和孤殇迂回至东门(东门再堵就去西门)后进入学校直接分开，让他去找广播组，在天去图书馆。<br />
没有的话看是否有人能开车:<br />
有的话让女寝众以与在天和孤殇保持一定距离的方式尾随在后面，遇到情况立刻逃脱，随后等到校车位置后检查是否损坏，未损坏的话则让女寝众尝试开车逃走，随后尝试说服孤殇选择咱们指定的路线后前往图书馆。<br />
没有的话就让女寝众就地隐蔽等待一段时间(20分钟？)，如果时间到了仍然没人开车过来/没人报信/遇到异常情况就直接去冲村子。随后孤殇和在天两人去校车处查看状况(赌运气)，运气不好则给孤殇指定路线，在天去图书馆。<br />
而如果钢管双基等人成功到达校车处并成功开动，则告诉他们女寝众的事情后离开此地去图书馆。至于这种情况下，如果孤殇还是想去找小涵(99%送死)，那就让他去教2吧，咱们实在是管不着......",,,,
28963433,1596107691,AxPkv3o,"<font color=""#789922"">&gt;&gt;No.28963367</font><br />
当然，这里无论哪一个情况，孤殇都不是必须的(除非他会开车)，这里拴着他主要是保证不给咱们添麻烦......",,,,
28965805,1596112430,122iiCI,"<font color=""#789922"">&gt;&gt;No.28963433</font><br />
没错，所以其实咱们行动的前置条件是“在场有没有人能把校车启动”，如果都没有女寝众就老实躲在北门外小树林里，咱们也没有强行拉着天哥，就像之前大伙说的那样给他指条路就完事了，咱们刚好一拍两散各自找真爱去。",,,,
28966279,1596113166,AxPkv3o,"<font color=""#789922"">&gt;&gt;No.28965805</font><br />
嗯，所以我主张这一次就把“询问有人能开车”和“尝试说服孤殇去北门”这两件事做完:<br />
<font color=""#789922"">&gt;&gt;No.28959878</font><br />
只要能把这两件事解决掉，接下来的选择就能轻松不少，所以再往后就先不奢求了",,,,
28968640,1596118133,RrRXxWn,"<font color=""#789922"">&gt;&gt;No.28966279</font><br />
附议附议，别让ig7再鸽了",,,,
28968877,1596118652,122iiCI,"<font color=""#789922"">&gt;&gt;No.28909284</font><br />
我还是倾向于比起天哥更优先布置好女寝众，对天哥最多提示下停车场-教二-办公楼的路线就是了",,,,
28969024,1596118974,RrRXxWn,"那女寝众人要不然就直接安排走树林跑路<br />
我们拉着孤殇去北门看看情况，有小涵上车拉着他让他上车，没小涵就和他一起冲校园<br />
现在鬼没空我们让女寝众人分两队分别跟着老师和阿姨往村子跑<font color=""#789922"">&gt;&gt;No.28968877</font>",,,,
28969178,1596119260,122iiCI,"<font color=""#789922"">&gt;&gt;No.28969024</font><br />
其实我是希望天哥现在去操场上喊喊小涵，通过自己发声来为广播组转移阖壶鬼的注意力。停车场那儿如果小涵在哪里还用我们劝，天哥自己就跟上去了。<br />
<br />
现在该去图书馆了。",,,,
28969341,1596119654,AxPkv3o,"<font color=""#789922"">&gt;&gt;No.28969178</font><br />
我觉得没必要在这种事上纠结得失，再说测试孤殇是否能被说服这事可能更千载难逢，这次错过了可能就要等下几个周目了，而且孤殇跑操场瞎喊小涵那是在他自己不知道对鬼信息的时候才有的事，等知道广播之后的那个警觉性你也不是没看见，我对他还能像之前那样失心疯持悲观态度。",,,,
28969348,1596119687,RrRXxWn,"<font color=""#789922"">&gt;&gt;No.28969178</font><br />
那女寝众人总得管管啊，起码给个信息就地解散还是啥的，现在校园警戒程度拉满天哥再怎么喊对我们也没帮助了，拉天哥只是想看看有没有机会保住他，我也想去图书馆和jk贴贴啊",,,,
28969497,1596120017,RrRXxWn,"我想来想去越想越觉得女寝众人这周目直接穿树林去村子逃生算了，毕竟去北门如果不是刚好双gay发动校车就会冒着被阖壶鬼抓到的风险，现在跑估计大概率不会被影噩抓到，能多活一点人<br />
之前我们商量计划的时候也是分散逃跑，男寝那边也有可能直接从西门穿树林下山了，所以我们这周目如果是尽可能让更多的人通过逃亡活下来，那就树林逃呗，只不过我们自己不能逃还要收集信息罢了",,,,
28969588,1596120181,RrRXxWn,"<font color=""#789922"">&gt;&gt;No.28969024</font><br />
求点附议，理由编一个小涵可能和我们兵分几路的人遇上一起逃生，尝试说服孤殇让他跟我们去停车场看<br />
并且让女寝同学分两组每组一个大人 穿树林逃往村子（理由是北门虽然有车但可能有阖壶鬼，大家逃的方向越散活下来的概率越大）",,,,
28969893,1596120810,Ig7nipt,行动出来了吗(=ﾟωﾟ)=,,,,
28970064,1596121169,XYAXMs0,来点行动･ﾟ( ﾉд`ﾟ),,,,
28970077,1596121190,122iiCI,"<font color=""#789922"">&gt;&gt;No.28969893</font><br />
遗憾，没达成共识",,,,
28970571,1596122095,Ig7nipt,"<font color=""#789922"">&gt;&gt;No.28970077</font><br />
我的鸽之力( `ー´)",,,,
28971152,1596123012,RrRXxWn,意思是ig7又可以鸽一天了( ・_ゝ・),,,,
28971618,1596123842,Ig7nipt,"<font color=""#789922"">&gt;&gt;No.28971152</font><br />
( ﾟωﾟ)最近有在设计新的多人团，这段时间的空闲并没有浪费哦",,,,
28973634,1596127913,20aFfM6,"<font color=""#789922"">&gt;&gt;No.28966279</font><br />
附议<br />
几句话不花太多时间，趁战力集中问车，这周目不用也可为以后直接排除选项，同时试探孤殇人设是完全小涵中心还是能思考正事，以后用骗还是可以讲道理。",,,,
28975069,1596132144,QP3wlt0,"为什么一定要想着去北门啊？如果没有人会开车去北门逛一圈有什么意义吗？天狗哥在没有小涵的明确信息指引下肯定是留不住的啊，能劝就劝，不能劝就告诉天狗曾经教二实验室听到可能是小涵的女声，让他就算送也送得有意义些<font color=""#789922"">&gt;&gt;No.28909578</font><br />
这位老哥的劝法不是挺好的么？<br />
然后还有一个行动应该是毫无疑问的吧，问女寝众的大人有没有能在没有钥匙的情况下驾驶校车的能力，没有的话就让她们到东门外挂机，灯给她们，总之能送一波出去就送多少人出去啊，然后如果天狗还是劝不住那我们一个人不就可以直接到图书馆了吗？ ",,,,
28975105,1596132303,QP3wlt0,知道大家想尽可能保人，但是有些事情又不能强求的( ﾟ∀。)难道孤殇硬是不听你话你就能把他直接打晕吗？天狗哥的最高行动准则就是小涵，你们以为他会很在乎小涵之外的人，包括自己的命吗,,,,
28977023,1596151009,AxPkv3o,"<font color=""#789922"">&gt;&gt;No.28975069</font><br />
我之前关于这事还写过点东西:<br />
<font color=""#789922"">&gt;&gt;No.28943741</font><br />
我认为孤殇去教2没啥回报，无论是ghs二人组还是掩护组，都很难想象他们不行动仍然固守在教学楼的可能性(虽然有可能)，最多让他去找小涵的时候路过看一眼(即我说的北门→教2→男寝区域(广播组)路线)。<br />
至于说不动的话，那就直接放他走了(可能做一个让他去和广播组汇合的希望)，我想要尝试是否劝的动，又不是想要非得把他五花大绑过去，实际上我们的行动有没有他区别都不大，只不过需要尝试我们到底能对孤殇指使到那个地步+尽可能把他救下来而已，他想走就让他走，劝一句话又花不了多少功夫。<br />
至于现在是东门解散还是绕到北门再做行动，这件事情还没有定论，所以我主张这一次先把“询问是否有人能开车”和“能否劝孤殇去北门”这两件事情干完，之后选择也能明朗一些",,,,
28977062,1596151382,AxPkv3o,"<font color=""#789922"">&gt;&gt;No.28966279</font><br />
那我现在订正一下，把孤殇劝去北门的核心论点，是希望孤殇能和我们的其他组员汇合，如果在劝不动的情况下，则尽可能告知这点后放他离开",,,,
28981383,1596164648,Ig7nipt,( ﾟωﾟ),,,,
28986995,1596176523,isxgIeV,"<font color=""#789922"">&gt;&gt;No.28981383</font><br />
( ﾟ∀。)",,,,
28987333,1596177373,AxPkv3o,"<font color=""#789922"">&gt;&gt;No.28966279</font><br />
再来一票 再来一票就可以了(;´Д`)",,,,
28991378,1596186858,QP3wlt0,"<font color=""#789922"">&gt;&gt;No.28987333</font><br />
那先附议吧 总不能一直卡在这",,,,
28995539,1596195038,FZXfBKF,"终于追上了，我想阐述几个观点<br />
之前ig7已经给过人设了，即各种角色的行动逻辑，一切违背行动逻辑的行为皆为不合理，都会被ig7ban掉并予以时间扣除惩罚<br />
 之前我们去找图书管理员并劝说其加入，显然超游，因此浪费了相当的时间。现在劝说天狗听劝，我认为下场相同<br />
为什么？<br />
因为之前我们对天狗说的就是小涵有可能在女生宿舍，所以他才会来，而不是因为他想救人。现在小涵不在，所以他必须离队，就像前几个周目一样在校内乱跑，只不过时间稍晚而且他对环境的掌握稍高而已<br />
所以现在我们只有2条路<br />
1 直接放走，让他充当报警器<br />
2 卖个好价钱，给他规划出一个路线<br />
<br />
可知现在天狗大概率会以图书馆、教一教二、体育馆、办公楼、男寝、操场为顺序搜索，危险度顺序增加，其中图书馆花费时间最少<br />
<br />
我们不放说<br />
图书馆早锁门了，你不用去了。北门附近有校车，如果小涵和其他残存的人听了广播往外逃的话，大概率会在北门和西门附近，你可以去看看<br />
<br />
我们要做什么，跟着天狗去看小车，如果校车尚未被破坏，且附近有人（有钢管组），可提议直接发动汽车出北门；如果无钢管组或车已被损坏，可以尽量组织人员步行北门撤离，如果有能力点燃校车为最佳<br />
此时若小涵和燎在，可劝说他们先行撤离之后再纠结恩怨<br />
若小涵此时不在，天狗将再无存活机会，直接卖吧",,,,
28995839,1596195678,FZXfBKF,"<font color=""#789922"">&gt;&gt;No.28995539</font><br />
女寝存活人员，可至北门外躲避，若听见校车驶出或多人步行离开，则尽快接应一起离开，若听见惨叫，则自行撤退<br />
<br />
至于图书管理员，她很安全，在天可以最后再去接应她，目前来看，阖壶酱至少可以在校园中获得5个左右的影核，应该不至于很快狗急跳墙<br />
<br />
要注意的是，现在两扇校门都已打开，且一旦女寝参与人员分散撤离，将立刻触发校不为校，红雾的扩散速度和午夜零点的大风将被严重推迟，给予我们更多时间，但阖壶酱将会立刻发觉并做出应对<br />
<br />
北门校车，将是本轮的赛点",,,,
29001112,1596207061,122iiCI,"<font color=""#789922"">&gt;&gt;No.28995539</font><br />
甚至北门停车场的校车都不用我们亲自过去查看，如果双基组在附近那很明显人就是冲着校车来的，即使咱们不说他们也会开车，最多天哥过去的时候帮我们提一嘴北门外还有幸存者让他们出门的时候记得把人捎上",,,,
29001151,1596207148,Ig7nipt,行动出来了吗(=ﾟωﾟ)=,,,,
29001512,1596207811,AxPkv3o,"<font color=""#789922"">&gt;&gt;No.28966279</font><br />
<font color=""#789922"">&gt;&gt;No.28968640</font><br />
<font color=""#789922"">&gt;&gt;No.28973634</font><br />
<font color=""#789922"">&gt;&gt;No.28991378</font><br />
应该够了吧|-` )",,,,
29001571,1596207924,Ig7nipt,"<font color=""#789922"">&gt;&gt;No.28966279</font><br />
<font color=""#789922"">&gt;&gt;No.28968640</font><br />
<font color=""#789922"">&gt;&gt;No.28973634</font><br />
<font color=""#789922"">&gt;&gt;No.28991378</font><br />
<font color=""#789922"">&gt;&gt;No.29001512</font>",,,,
29002006,1596208751,FZXfBKF,"<font color=""#789922"">&gt;&gt;No.29001112</font><br />
是我话没说完<br />
主角在和天狗抵达北门之后，应该如何行动？<br />
这是一个非常复杂的问题<br />
首先明确一点，jk必须最后救，而且必须在天救，因为目前的情况下，只有jk的位置最固定，条件最安全，而其他人的状况不定，为了保证更多人获救，必须最大化利用时间和空间，这就要求jk排在最后<br />
那么剩下的情况分为以下几种<br />
1 如果剩余残存人员全部集中于北门，那自然让大家先走，自己断后<br />
2 如果小涵（和燎）不在的情况下，而其余人在，则可以将除图书馆钥匙之外的所有钥匙给天狗，叫他自求多福。因为就算大家说小涵已死，天狗也不会离开学校，他一定会去找尸体的。之后其他人先走，自己断后<br />
3 若办公楼组或教一楼组不在的情况。这个就比较复杂了。综合来看，教一的生存几率非常低，甚至于说是可以抛弃的（如果想要尽可能搜集情报的话可以追求救援）。相反办公楼组生存几率较大，但旭的性格是致命弱点，他在听到男寝传来搏斗声后，很可能会前往救援，这给我们的支援带来了巨大的不确定性和危险性，如果理想情况下，在天很可能能在男寝和办公楼周围的区域看到他们的活动迹象（比如身影、声音或是阖壶鬼或影噩的集结），若未能发现，我认为可以今早选择放弃",,,,
29002191,1596209078,Ig7nipt,"率先注意到的是校车。如果没有驾驶员，校车是开不动的；总不可能真的这么钻进夜晚山路里吧？远离市区的深山，可是伸手不见五指的。<br />
<br />
因此你没有接下灯座，而是接着问：<br />
<br />
“女寝的人有会开车的吗？”<br />
<br />
看向那些女寝的人，只有老师举起手……但旋即又放下。她没有驾照，自然也没有经过系统训练，但是相比其他学生，如果有必要的话，她至少可以依靠——她是这么想的。放下手的理由同样简单：她不能拿一车人的命冒险。<br />
<br />
“不行……我们这里没人会开车。唯一的校车司机劳动节回家了，其他正经会开车的——只有大爷了。”<br />
<br />
她摇头的时候，后面白菜从食堂内出来，据说是回宿舍找来了一台手电筒。<br />
<br />
“所以……”<br />
“让我去吧。”<br />
“不行。”<br />
<br />
你把灯座推回去。这种拒绝，他一定做好了强行决意的打算，并不是你拒绝他就能顺应。小涵的命或许比在场所有人的命加起来还高大，包括他自己。但你推回去不是为了让他就范，而是有另一个打算。<br />
<br />
“怎么样，去北门吧。我们一起过去，肯定是要坐校车的，女寝你也探索过了，小涵不在这里。既然如此，说不定也在北门附近呢？哪怕是护送也好，大家一起过去北门，小涵不在哪里的话，你再从教二往办公楼那边找。”<br />
<br />
“……不是没人会开校车吗？”<br />
<br />
“即便如此也需要校车，我们还有广播组的人，他们一定是会开的。你和我们也只是顺路，不去北门，去别的地方，从概率上讲没有区别。你也没有别的线索。”<br />
<br />
“……”<br />
<br />
23:53<br />
<br />
“在理。”他最后同意了，灯座却还是塞给了你，“我们去北门，但是这样的话，图书馆怎么办？”<br />
<br />
“这个的话……”<br />
<br />
你的行动？",,,,
29002412,1596209586,122iiCI,"图书馆怎么办呢，既然话都已经撂下了，咱们也没办法脸皮厚到让天哥一个人去停车场而自己跑去找管理员，这也是前面我提出给天哥指个路线让他自由发挥的原因。<br />
<br />
现在去到停车场没人还好说，如果燎他们在的话咱们还得花时间再看一出修罗场的戏码吧。",,,,
29002436,1596209633,cunWXUO,"“图书馆我去叫，你们先去北门，不用等我，能开车的话直接出发”<br />
然后去图书馆试试能不能把姆q带出来再决定下一步",,,,
29002609,1596209990,9GDPV4S,"现在我们没有能点火的mushroom，甚至没有能开车的人，去车上也没什么意义。<br />
要不先集体去图书馆附近靠近车那侧藏着，在天去敲图书馆门，其他人等在外面，观察有没有人来。",2020-07-17/5f11c0dd8a6f3,.jpg,,
29003141,1596211091,F6SEzeP,不是，为什么你们还在纠结校车啊？既然没人会开的话直接去村子不行吗？( ﾟ∀。),,,,
29003157,1596211134,F6SEzeP,村子难道不是一条已知的靠步行就能操作的逃生路线吗？,,,,
29003197,1596211214,FZXfBKF,"<font color=""#789922"">&gt;&gt;No.29002412</font><br />
附议，但我认为这个时候在天必须劝天狗哥前往北门，因为还不到他牺牲的时候，现在局势尚可，没必要让天狗去送。事实上，天狗与燎若有内讧，可由老师压住。若北门校车没有小涵，也可将处图书馆钥匙以外的其余钥匙赠予天狗。自己再去寻找jk不迟<br />
这个阶段，阖壶鬼手里的影噩不足，应该一时抽不开身对付已经分组了的人类<br />
其余女生可以先从图书馆北侧前往北门外随机应变",,,,
29003248,1596211302,F6SEzeP,"<font color=""#789922"">&gt;&gt;No.29002609</font><br />
就像这条说的，现在根本没有人能启动车子，也没人会开车。我们继续在车子上纠结只是浪费时间<br />
而我们现在带着一大队人，不应该继续躲藏在校园里，等待到来概率不大的援兵，而是应该趁鬼的注意力在男寝的时候，直接出门，逃生的同时让“校不为校”",,,,
29003257,1596211333,AxPkv3o,"我觉得对图书馆的话术根本不是什么问题，原本去北门的话也能顺路到图书馆，就说顺道过去就行，就算是从校外过去也只是绕了个远路。<br />
此外也不能让孤殇去领导女寝众了，他将灯座还给在天的用意很明确，应该不会再接受什么不明确的指示，能让他自己/和我们去指定地点看来就是极限了。<br />
我的主张不变，让在天等人从校外迂回到北门，之后将女寝众隐蔽个20分钟(时间到了还没看见车直接逃跑)，在天和孤殇则冲进北门内查看校车情况，之后无论校车内有没有人，出现什么情况都以去图书馆为由直接分开(反正路线已经指示完了)，最多在有人的时候把女寝众的情况告诉他们",,,,
29003295,1596211401,FZXfBKF,"<font color=""#789922"">&gt;&gt;No.29003157</font><br />
请注意看上一回合的逃生情况<br />
车开了很久，而且最后还出现了鬼打墙<br />
影噩移动速度不慢，但在演习团里提到其无法追上机动车<br />
在完全漆黑的夜里，从山中往下逃，前途未卜<br />
若有车自然非常好，如果校车已损坏再行撤离也不迟",,,,
29003332,1596211472,F6SEzeP,"<font color=""#789922"">&gt;&gt;No.29003295</font><br />
我们这一局有手电",,,,
29003336,1596211481,FZXfBKF,"<font color=""#789922"">&gt;&gt;No.29003257</font><br />
附议<br />
先看校车，再决定下一步的去向<br />
天狗绝不能强留",,,,
29003350,1596211508,AxPkv3o,"<font color=""#789922"">&gt;&gt;No.29003257</font><br />
不过说到底，其实无论是直接让女寝众从东门逃生，还是前往北门附近藏匿，我觉得都没什么问题，唯一要注意的是在这一动的行动中应该尽量把女寝众处理到校外，在天和孤殇在校内捐了姑且在咱们得可接受范围内，但女寝众绝对不行",,,,
29003374,1596211587,FZXfBKF,"<font color=""#789922"">&gt;&gt;No.29003332</font><br />
对，不仅有手电，而且还有灯<br />
但影噩的移动速度明显比人快，如果阖壶鬼铁了心要追击，灯不一定敢开，太暴露了",,,,
29003382,1596211603,F6SEzeP,"<font color=""#789922"">&gt;&gt;No.29003295</font><br />
而且我并不认为影噩会追出来，说实话如果要下山最大的危险应该是没注意看路，但我们有手电的话应该能减小这个问题",,,,
29003446,1596211743,F6SEzeP,"<font color=""#789922"">&gt;&gt;No.29003374</font><br />
阖壶追击我们作甚( ﾟ∀。)<br />
现在他们的重点还在男寝，大概是在追钢管哥， 女寝这边离男寝要穿过大半个校园，不大可能注意到我们<br />
 ",,,,
29003547,1596211982,FZXfBKF,"<font color=""#789922"">&gt;&gt;No.29003382</font><br />
追不追，我认为要看一点<br />
阖壶鬼有没有达成预定的死亡人数，如果没达成，那么她们一定会追<br />
女生体力普遍不行，移动速度也不快，虽然有老师压阵，但绝不能以一种郊游的速度脱逃<br />
<br />
更要命的是我们的速度越慢，jc来的时间就越慢，很可能不能及时阻止戒天佑，更难以掩护仍然藏匿在校园的幸存者脱逃",,,,
29003549,1596211990,122iiCI,关于校车，我倒是认为现在没有查看的必要，毕竟咱们一行都没有让车动起来的本事，校车并不会因为被我们看一眼就自己启动，也不会因为不看而自己原地爆炸，反而如何让阖壶鬼把注意力从校车上移开才是咱们应该考虑的,,,,
29003622,1596212169,F6SEzeP,"<font color=""#789922"">&gt;&gt;No.29003547</font><br />
追不追还得看她们知不知道我们在哪<br />
如果我们安全进村了，鬼知不知道这个村子的存在呢 ",,,,
29003658,1596212241,F6SEzeP,"<font color=""#789922"">&gt;&gt;No.29003549</font><br />
同意这个",,,,
29003677,1596212279,FZXfBKF,"<font color=""#789922"">&gt;&gt;No.29003549</font><br />
同意，可以在撤离的时候让女寝亮几盏灯，吸引新在操场生成的影噩<br />
但我们手里的兵没法再分了，全体女生现在如同累赘，老师又过于在乎所有人安危所以不能过于前出，且她必须用来看护女生。我们手里只剩下在天和天狗，天狗如果没有在天跟着，5min之内必死啊",,,,
29003678,1596212281,122iiCI,"<font color=""#789922"">&gt;&gt;No.29003622</font><br />
鬼可是再咱们学校周边待了至少一个月顺带杀了三个人的，并且还清楚的知道咱们这个学校适合启动他们的戒天佑，我觉得他们八成比咱们了解的更多",,,,
29003689,1596212304,AxPkv3o,"<font color=""#789922"">&gt;&gt;No.29003549</font><br />
我也觉得没用，主要是手上并没有什么更好的方案，赶着去和jk贴贴的回报太不稳定了，那还不如去看看孤殇的反应",,,,
29003749,1596212463,76ggYgK,"五页讨论也算是给千回添砖加瓦了(=ﾟωﾟ)=<br />
因为过于纠结所以我其实都想不出支持哪边好，不过现在好歹算尘埃落定了<br />
<br />
话说回来，光有司机没有mushroom，奖励团的校车怎么开出去的？摄影小哥可以代替mushroom的作用吗？<br />
<br />
一来二去这灯座还是回到了我们手上……但是女寝那边也有新的手电筒了，那么分头行动还是有可能的，只是现在这情况难搞哦<br />
<br />
大爷从一开始就没指望校车的事情。他原意是，三组做完分内事就跑，不要管其他组。<br />
<br />
男寝仅存的钢管和办公楼的广播组，完全可以选择从西门逃，本来人就不多。钢管双人组一周目是有追兵紧跟，翻不了门，才跑去北门的。广播组现在的缺省设定也是开西门。<br />
<br />
虽然我们和校车都离北门近，但是我们除了老师没人会开车，老师又没开过校车，暂时承担不起如此重任。我们大概在期待未经指挥的钢管二人组显灵到北门去吧，但这超游了，因为在天不知道有这么两个人会开车。在天甚至都不会期待广播组的人过来北门这边。<br />
<br />
现在阖壶鬼在男寝没有收获的话，过来我们这边会更加吃瘪，因为我们人更多，离校门又近，抓一个跑十个，大大提升做影核的成本。个人判断阖壶鬼必须集中精力在男寝，或者猛捞落单的人。我们这边其实还有机会，不需要太慌。<br />
<br />
以上各段可以分开来看，一段是对局势一个方面的感受。",,,,
29003750,1596212466,FZXfBKF,"<font color=""#789922"">&gt;&gt;No.29003689</font><br />
我认为去找jk只能干一件事，那就是拉上她直接走，但是去拉jk的时间越早，留给其他人的时间就越少<br />
jk很安全，我们没必要早拉<br />
我认为最后在天跟jk两个人在山里的小道上星野疾行，有一种逃婚私奔一般的浪漫感",,,,
29003888,1596212837,F6SEzeP,"<font color=""#789922"">&gt;&gt;No.29003678</font><br />
好吧，但是我们带着这么多人，继续待在学校只会更危险<br />
总得有个地方去吧( ﾟ∀。) ",,,,
29003930,1596212925,FZXfBKF,"<font color=""#789922"">&gt;&gt;No.29003749</font><br />
说得对，现在就是在赌，赌菌子哥和钢管组能够在预定时间向北门靠拢并发动校车<br />
但这又有问题<br />
1 如果西门得手，大概率我们见不到钢管组和广播组，后符和相当数量的影噩也将尾随而去，我们将看到一辆空车而束手无策<br />
2 如果西门未得手，大概率我们将遇到紧逼而来的钢管组和敌人，因为钢管组的首要逃生方向大概率为体育馆，之后节节撤退到北门，我们很可能没有时间发动车子<br />
那为什么还要赌<br />
就是因为这将近5min的时间里，在天做别的显得都不太着急or有明显回报",,,,
29003936,1596212940,122iiCI,"<font color=""#789922"">&gt;&gt;No.29003750</font><br />
正解，局势发展到现在咱们去找管理员并不是和她一起躲在图书馆，而是要把她带出来。<br />
<br />
先前管理员觉得图书馆安全有部分原因是学校里还有其他人作为阖壶鬼的影噩素材，使得阖壶鬼不会浪费时间在图书馆攻坚上。但是在校园广播和女寝组全员撤出学校的现在呢，校园内其他人员警戒度提高，同时最容易陷落的女寝提前疏散，阖壶鬼可以选择范围缩小的现在，她还会选择固守吗，即使会咱们也可以用在意她的安全为由强行拉她出来试试。",,,,
29003989,1596213102,F6SEzeP,"<font color=""#789922"">&gt;&gt;&gt;No.29003936</font><br />
但是我们刚刚还给管理员打手势让她躲在里面( ﾟ∀。)",,,,
29003993,1596213111,FZXfBKF,"<font color=""#789922"">&gt;&gt;No.29003888</font><br />
可以干啊 我觉得你的思路也可以<br />
女生组和老师可以先行向山下走，如果我们顺利，后续可以开车接上她们<br />
如果我们不顺，也能争取相当的时间<br />
但是前提是北门校车的位置，必须要有人做出牺牲，因为女生一旦离开北门，学校的阵立刻就会出现明显衰退，阖壶鬼必会有动作",,,,
29004023,1596213150,F6SEzeP,"<font color=""#789922"">&gt;&gt;No.29003930</font><br />
要赌的话为什么不试试冲村子呢(ゝ∀･)",,,,
29004035,1596213186,FZXfBKF,"<font color=""#789922"">&gt;&gt;No.29003936</font><br />
理由很简单<br />
我爱你，咱们私奔吧",,,,
29004040,1596213196,AxPkv3o,"<font color=""#789922"">&gt;&gt;No.29003749</font><br />
寸头只是说棘手不是干不了，有mushroom这个技术宅的话速度能快不少而已( ﾟ∀ﾟ)<br />
<font color=""#789922"">&gt;&gt;No.27108090</font><br />
至于是否能有人开车，我的想法也很悲观，但我觉得凑出这么一个情况出来无论是在存活上还是在收集情报上都是可行的，不能放弃这个可能性，最糟的情况也无非就是鬼方在校外大开无双，但这样也能收集些他们在校外的活动情报，怎么着都不亏",,,,
29004089,1596213324,F6SEzeP,"<font color=""#789922"">&gt;&gt;No.29003993</font><br />
不是，阖壶鬼对学校的把控应该只是能控制起风这样的程度，没办法做到微操吧( ﾟ∀。)<br />
也就是如果我们从北门出去，鬼应该能感到阵势变弱，但不会知道具体是哪里出了问题吧 ",,,,
29004094,1596213333,122iiCI,"<font color=""#789922"">&gt;&gt;No.29003989</font><br />
( ﾟ∀。)那是让她再被咱们捞出来前隐藏好自己别暴露啊，这回肯定要继续想办法把这尊佛给请出来",,,,
29004105,1596213355,F6SEzeP,话说村子到底是在东门还是在北门( ﾟ∀。),,,,
29004143,1596213425,FZXfBKF,"<font color=""#789922"">&gt;&gt;No.29004023</font><br />
冲村子是有风险的<br />
我认为上周目的鬼打墙并不是单纯的迷路，而是阖壶鬼在山外布了阵，如果真的要步行那么远去赌冲村子，我感觉是在太冒险了<br />
<br />
而且记得上上周目的结语吗<br />
很多人分散逃了，但只有他们两个选对了路<br />
说明下山可不是春游，一定是有危险的",,,,
29004237,1596213627,okYKnyN,"<font color=""#789922"">&gt;&gt;No.29004089</font><br />
虽然可能只是游戏性，但从奖励团来看的话，阖壶鬼是能观测到学校全局的",,,,
29004243,1596213643,AxPkv3o,"<font color=""#789922"">&gt;&gt;No.29004105</font><br />
不知道，但是从上两个周目的情况来看，村子肯定不止一个，而且我们这周目也很难收集到关于这方面的情报了，不如就当均匀分布在森林之中( ・_ゝ・)",,,,
29004302,1596213757,AxPkv3o,"<font color=""#789922"">&gt;&gt;No.29004237</font><br />
我有一个推测，就是鬼一方只能把控到校内建筑物外的情况，而建筑物内的则无法得知，必须自己亲自调查",,,,
29004313,1596213782,F6SEzeP,"<font color=""#789922"">&gt;&gt;No.29004243</font><br />
这个之后有空的话可能可以问问食堂大妈，之前很多人猜测她是山民",,,,
29004383,1596213945,FZXfBKF,"<font color=""#789922"">&gt;&gt;No.29004302</font><br />
我认为他们对于环境的真实情况都必须亲自查看<br />
但是他们对于阵势的衰弱还是能明显感觉出来的<br />
就好像你在开车的时候撞到了什么东西，部位你知道但是撞成什么样子你不知道",,,,
29004394,1596213997,FZXfBKF,"<font color=""#789922"">&gt;&gt;No.29004313</font><br />
说得对，大妈们可以做向导，还可以更好的与村民沟通",,,,
29004471,1596214166,122iiCI,"<font color=""#789922"">&gt;&gt;No.29004143</font><br />
ig7已经强调了好几回“校车是逃生的关键”，那么能不能选择往村子里逃？可以，但是逃去村子只能作为万不得已的最终选项，在机会尚存的现在，如何替广播组转移阖壶鬼的注意力争取逃脱的机会才是优先该考虑的。<br />
<br />
上周目的经验告诉我们菌子哥是知道男寝除了双基外就没有其他人的，毕竟在天提出和菌子哥去找人逃跑时他直接把咱们带到了双基宿舍门口，这说明这周目里男寝疏散的速度绝对是有保证的。<br />
<br />
同时现在男寝有规律的碎玻璃声八成是有人选择制造声响为其他人逃跑争取时间，毕竟阖壶鬼已经取得了门卫室的留校人员名单，如果是阖壶鬼要打扫男寝那也是应该确定留人的几间宿舍定点破坏才是。当然也有阖壶鬼放影噩制造声响把男寝人赶出来的可能，但是在影噩数量不足的现在这个可能性不太高吧。",,,,
29004480,1596214182,F6SEzeP,"<font color=""#789922"">&gt;&gt;No.29004094</font><br />
但是她人都进去了，我们要怎么继续跟她联络，敲门怕声音引来别的东西( ﾟ∀。)",,,,
29004531,1596214292,F6SEzeP,"<font color=""#789922"">&gt;&gt;No.29004471</font> <br />
阿这，这个名单是在门卫室吗？这和之前女教师说的是不是同一个名单( ﾟ∀。)",,,,
29004561,1596214362,F6SEzeP,"<font color=""#789922"">&gt;&gt;No.29004143</font><br />
有道理，那还是尽量校车吧",,,,
29004653,1596214576,122iiCI,"<font color=""#789922"">&gt;&gt;No.29004531</font><br />
<br />
<font color=""#789922"">&gt;&gt;No.21659440</font><br />
<br />
一周目里提到的门卫室里的名册啥的，推测是包含留校人员名单",,,,
29004685,1596214660,FZXfBKF,"<font color=""#789922"">&gt;&gt;No.29004471</font><br />
说的非常对<br />
男寝如果还在传出玻璃碎裂的生也，说明是有人在打掩护，给谁打？我认为是菌子哥再给教一打掩护，因为教一的局势最为紧张，广播组可能已经处于向男寝运动的状态（因为旭的守序善良）<br />
我认为我们临走时在女寝开几盏灯就可以了，因为动静过大会导致女寝撤退压力过大<br />
<br />
现在危险的区域，教一、男寝、办公楼<br />
或许我们如果发现校车未被摧毁的情况下，可以让在天和天狗运动到教二随机应变，把体育馆流出来作为撤退路线",,,,
29005324,1596216224,122iiCI,"<font color=""#789922"">&gt;&gt;No.29004685</font><br />
是谁在破坏玻璃咱们还得再推测下广播组的行动轨迹：<br />
<br />
咱们和旭是在23：16分开的，按照一周目在办公楼中使用广播的流程和花费的时间来看，移动到办公楼3分钟，到达二楼广播室2分钟，如果已经确定好广播内容的话录制应该也只要2分钟左右，这样满打满算在23:34广播响起时广播组应该已经达到男寝开始和双基汇合制定行动计划了。那么之后的碎玻璃声极有可能是在巨大的勇气和牺牲下敲响的：八成是留了一个人在男寝作为诱饵来为人员转移争取时间。",,,,
29005675,1596217191,76ggYgK,"Ig7这次打断的点在于把孤殇和女寝众送到北门去之后，在天/jk/图书馆的问题怎么解决<br />
<br />
有点难圆，因为众所周知的小涵，因为众所周知的校车，因为没办法确认的广播组和钢管（在天你这饼也画得太大了吧）<br />
<br />
“……看来图书馆我得去一趟，因为刚才我已经看到管理员在里面了，不救她肯定不行。不过这么一来，我可能追不上你们了。”<br />
（这段是说，孤殇你不知道小涵在哪，你瞎跑确实没啥用；我知道图书馆里面有谁，我去救她，很合理吧；反正你们也不需要管我，你们先走就行）<br />
<br />
“孤殇，到了北门之后，就算你任务完成了。不过不要忘了，救小涵跟救我们全部人并不冲突。客观上说，单独行动之后，你就是下一个掩护大家的英雄了。”<br />
（毕竟他自己已经同意了嘛，稍微再安抚一下，其实他自己也明白吧）<br />
<br />
然后可以跟孤殇以外的其他人说：<br />
“校车这个方案的确不一定行得通，紧急情况下大家还是应该直接下山。为了避免‘鬼’察觉到有人在等校车，大家可以先就近从东门出去，从外面绕到北门门外。这条路我刚才就走过，比校内安全很多。让一个人在暗处观察校内情况，其他人离远一点，保持安静。如果看到有人上车的话，大家就过去帮忙，争取一起尽快离开学校。其他情况下，大家应该都会相信老师的决断。就交给老师您了。”<br />
（阖壶鬼和影噩就算追到了校车这，也不会选择上车。她们直接扎轮胎的。至于帮忙，由女寝众自行理解，扔鞋之类应该是女寝众在此前周目里想出来的。）<br />
<br />
最后把灯座给老师，她总推不了吧。<br />
<br />
==========================<br />
大体上动议，让女寝众去北门外等，然后判断是否跑路就让老师来，不设死标准；孤殇能送则送，让他走之后也最好清醒一点；在天进图书馆找jk，赶紧跟jk说时代变了。",,,,
29005799,1596217561,76ggYgK,"<font color=""#789922"">&gt;&gt;No.29004237</font><br />
具体而言，阖壶鬼的视野包括前符+后符+所有影噩。就是这个群体的共享视野啦。<br />
前符前期在操场看教学楼、男女寝都很方便，后符中后期抢占教学楼高地之后也基本是一览无余的，然后影噩就是移动摄像头嘛。",,,,
29005964,1596218060,76ggYgK,"<font color=""#789922"">&gt;&gt;No.29005675</font><br />
再补一嘴，问下女寝众：“你们对学校外面的山路熟悉吗？虽然不熟悉可能也得跑……不过要是有人熟悉的话就跟在那些人身后比较好。”",,,,
29006455,1596220093,76ggYgK,"<font color=""#789922"">&gt;&gt;No.29003993</font><br />
<br />
阵势衰退其实含义很广，按Ig的意思，学校里的人或物不在其位，阵势就会受到影响<br />
换位思考一下，说白了，不就是奖励团那个意思：阖壶鬼根本没有超感觉的手段能得知具体谁在哪。见到教一开灯，就往开灯那地方走，路上有人顺便刀掉。门卫室和男女寝本该有人，就从容收割。<br />
<br />
显然把人调走就足以打乱阖壶鬼计划了。把钥匙啊名册啊这些东西拿走，影响阖壶鬼找人，当然也影响所谓阵势了。像砍树这种影响校内动线的或者影响视线的，影噩一不留神不就会绊倒嘛，影响影噩走缺省路径，自然也影响所谓阵势了。<br />
<br />
只是阖壶鬼寒窗苦读一般地模拟阵势，准备必然十分充分，而我们又没有把阵势搅得足够混乱罢了。<br />
<br />
Ig7没在正文里确切提及阵势衰退的情景，不过我能想到的唯物解释就是这样。<br />
<br />
事实上我很佩服Ig7的一点是，他给很多看似超自然的状况提供了常人踢门解。“怎么杀人，就怎么杀阖壶鬼。”像鬼打墙这种，真的是一个常人不可破的阵法嘛，火烧两下不就得了。像影噩这种，居然还能给出非黑体这类物理概念描述，可能的话还存在杀灭它的常人。",,,,
29010361,1596247424,122iiCI,"现在还是先定一下行动吧<br />
<br />
<font color=""#789922"">&gt;&gt;No.29005675</font><br />
<br />
附议",,,,
29010989,1596249219,FZXfBKF,"<font color=""#789922"">&gt;&gt;No.29010361</font><br />
附议",,,,
29018025,1596265423,x3ohcNk,"<font color=""#789922"">&gt;&gt;No.29010361</font><br />
附议",,,,
29021041,1596273412,AxPkv3o,"<font color=""#789922"">&gt;&gt;No.29005675</font><br />
也行，那附议，不过我想贴个补丁:<br />
我总觉得就着孤殇的话头去图书馆可能是个不大不小的逻辑陷阱，咱们做出和孤殇天狗模式相似的行为应该只会加深孤殇独走的欲望。<br />
所以如果孤殇在这一次方案中有比较激烈的反对/想独走的行为就直接放他走，反正路线和想要的情报都已经弄完了，不能在他身上耗费更多时间。",,,,
29024435,1596280726,RQQbrDK,"<font color=""#789922"">&gt;&gt;No.29005675</font><br />
附议附议",,,,
29024444,1596280750,RQQbrDK,"<font color=""#789922"">&gt;&gt;No.29021041</font><br />
附议|∀ﾟ",,,,
29028537,1596289575,RQQbrDK,附议够了，ig7快来更啦,,,,
29028831,1596290137,RQQbrDK,"话说到了图书馆怎么把小恶魔劝出来？<br />
“东门（反正就靠近图书馆那个门）开了，一起走吧？”<br />
要是不同意就<br />
“请相信我……哪怕这一次就好！我想和你离开这里。两个人一起走吧？”",,,,
29028883,1596290233,RQQbrDK,"<font color=""#789922"">&gt;&gt;No.29028831</font><br />
补充一下，上去先解释情况再邀请一起出逃(=ﾟωﾟ)=",,,,
29029439,1596291226,AxPkv3o,"<font color=""#789922"">&gt;&gt;No.29028831</font><br />
当然要直球进攻大胆浪漫一会啦～毕竟也没什么其他选择。我们目前所得知的，或许能动摇到管理员目标的论点里:<br />
第三方势力出现清场；<br />
影核数量不够，鬼方无路可走过来收割；<br />
以寻求大量人员庇护为理由强行拉她入队(复刻一周目)；<br />
这三个选项不是超游，就是会被拥有大量对鬼知识的管理员所压制，成功几率渺茫(况且我们对校内的情况掌控可能还真不如一直在旁边看海的管理员多)，而最后一个甚至还有被全灭的风险。<br />
所以我们的行动也就只有一个了，只能直球进攻，祈祷爱的力量能感化一切吧(*ﾟ∇ﾟ)。",,,,
29032224,1596296531,Ig7nipt,"<font color=""#789922"">&gt;&gt;No.29005675</font><br />
<font color=""#789922"">&gt;&gt;No.29010361</font><br />
<font color=""#789922"">&gt;&gt;No.29010989</font><br />
<font color=""#789922"">&gt;&gt;No.29018025</font><br />
<font color=""#789922"">&gt;&gt;No.29021041</font><br />
<font color=""#789922"">&gt;&gt;No.29024435</font><br />
<font color=""#789922"">&gt;&gt;No.29024444</font><br />
<font color=""#789922"">&gt;&gt;No.29028537</font>",,,,
29033152,1596298429,Ig7nipt,"“交给我吧。”你郑重的说，“来的路上我已经看见图书管理员了，就在里面，我等下进去叫上她，你和大家去北门，到地方之后你再去做你的事情；我之后看情况再跟上来。”<br />
<br />
这次你不把灯座推回去了；他也不大会收。你给的是老师，但老师只是接着，落进手里了才想起来犹豫。你直截了当的叮嘱：<br />
<br />
“你们从外面走，东门出去绕到北门。有变故就直接下山。校车的话，广播组的人可能也会过来，你们跟上就行——老师，交给你可以吧。”<br />
<br />
话虽如此，该交的早就交进手里了。<br />
<br />
后者不打算拒绝。也许只是对灯座这个形式感到抵触。作为一个帮助学生逃脱危险的老师，交到手里的本应是防毒面具、水灾救生衣或紧急治疗箱。如今的灾难和那些全然不同。<br />
<br />
你看到老师的表情了，她另一只手握着最近的女孩子的手。盯着灯座看了几眼，下定决心，选择了把它也握紧。随后，对着你点点头。<br />
<br />
23:55<br />
<br />
碎玻璃声稍微缓和下来的同时，她们从东门外出，而你则来到熄了灯的图书馆门口。从这里望进去，闻到的书本味比其他感官都要鲜明。<br />
<br />
你的行动？",,,,
29033227,1596298566,x3ohcNk,那么，jk会在哪里等呢？我记得图书馆是有侧门的，是要敲大门还是侧门呢？,,,,
29033266,1596298647,122iiCI,已经到门口敲大门便是了，开门的瞬间要把管理员拉出来吗？,,,,
29033302,1596298718,76ggYgK,A上去A上去(=ﾟωﾟ)=,,,,
29033347,1596298800,76ggYgK,jk如果很关注我们行动，现在估计离侧门不远，我们也就近敲门/开门就好。,,,,
29033358,1596298820,x3ohcNk,"<font color=""#789922"">&gt;&gt;No.29033266</font><br />
打一手措不及防然后边走边解释情况吗？",,,,
29033484,1596299071,AxPkv3o,"<font color=""#789922"">&gt;&gt;No.29033358</font><br />
管理员对情况和在天行动的判断可能比我们要清楚，所以现在要想的，是一个可以让管理员接受这个行为的话术......其实也没什么话术，我们除了A爆已经没其他选择了，就说时间紧在乎你要救她然后直接带到北门(理想情况下)",,,,
29033811,1596299744,x3ohcNk,直接大力敲大门，有男生宿舍敲玻璃再在能拖延一会。等jk出来直接说下有鬼，会杀人，已经帮助他人撤离了，来带你撤离这几个关键词，不愿意走就用直球告白来邀请,,,,
29033852,1596299829,122iiCI,"<font color=""#789922"">&gt;&gt;No.29033358</font><br />
是的，理由自然是现在学校里危机重重，要抓紧时间撤离<br />
<br />
关键是下一步，如果管理员没给咱们机会拽出来还好说，进去和她慢慢磨就是了，如果咱们给管理员拽出来的话，去哪？以及如何让管理员对局势产生影响呢？",,,,
29034086,1596300316,vz24qOW,|-` ) 图书馆被人进的周目是因为有人来破窗了 然后才被发现 而现在人都已经安排好了 阖壶鬼那边也知道jk尽量不要搞 那是不是可以选择继续怂爆观察后续 如果幸运的话甚至可以等到救援？,,,,
29034393,1596301103,76ggYgK,"jk行为逻辑就是，相信阖壶鬼仪式可以不需要自己和在天的命，阖壶鬼仪式完了就自行消失，所以她自闭<br />
但是在自己和在天被卷入战场的时候，她又马上想到就算警察能来救场也不一定能救人命，所以她不支持对峙<br />
<br />
现在一是阖壶鬼仪式危了，很有可能饥不择食，jk应该心里有数<br />
二是我们也可以提醒她，警察要是能过来，必有恶斗，我们不能留在阵内，成为斗争的牺牲品。",,,,
29034416,1596301162,AxPkv3o,"<font color=""#789922"">&gt;&gt;No.29033852</font><br />
现在能知道的，可以有效让管理员加入人类方的方式就两种:<br />
一种是复刻一周目管理员的入队方式，让她和一群人处于一个共存亡的位置，那她作为最有能力的人自然会帮忙(但无法保证程度)<br />
另一种则是直接献祭在天，堕落帝国觉醒(x)<br />
但无论那种实现方式，恐怕都没办法把管理员直接带到男寝/操场这种比较危险的位置，那种情况下除非在天的人格魅力到达一定程度，不然估计会直接缩回图书馆的",,,,
29034480,1596301322,AxPkv3o,"<font color=""#789922"">&gt;&gt;No.29034086</font><br />
救援是肯定等不到几乎必死的，不过窝图书馆确实可以情报最大化，和jk看看鬼方的后续行动，没事的时候再问问影核的使用方式，等阵势起来第三方入场前甚至可以考虑一下内鬼化",,,,
29034728,1596301994,AxPkv3o,"<font color=""#789922"">&gt;&gt;No.29034393</font><br />
拿警察说服这个思路够呛，管理员一周目的时候考虑过这个可能性，想法里还稍微有点警察会救人的期望:<br />
<font color=""#789922"">&gt;&gt;No.21845489</font><br />
这种情况下除非告诉她，对超下场咱们必死。但是这显然超游了，所以很棘手......",,,,
29034904,1596302518,RnB67fi,"对jk直球打动她啊！<br />
Jk一开门就直接抱着她，说幸好她没有事，然后迅速地说一下学校的情况和大家已经跑去北门的情报。(要一直抱着jk说不给她反驳的时间)<br />
然后趁jk被直球脑子反应没有那么快的时候，拉着她的手跑。",,,,
29035005,1596302761,FZXfBKF,"<font color=""#789922"">&gt;&gt;No.29034904</font><br />
老渣男了( ﾟ∀。)",,,,
29035015,1596302794,122iiCI,"<font color=""#789922"">&gt;&gt;No.29034728</font><br />
以校园内的展开来说，管理员应该也有自己的判断，现在她已经得到的信息（听到看到的）有：<br />
<br />
1、女寝众离开学校：阖壶鬼可选择的影核减少，对阵势效果的削弱（存疑）<br />
2、广播组发出警告：提高了校园内的警戒程度，点出了影噩特性，阖壶鬼猎杀难度提高<br />
<br />
在条件变得严苛的现在，管理员是否有改变行动策略的可能呢？<br />
<br />
另外在打字的时候忽然想到，一周目管理员是起藏身的图书馆被广播暴露了，使其不得不卷入事件开始行动，如果现在咱们选择大声叫门呢？用大到那种不只是图书馆，甚至操场也能听到的声音来呼唤管理员如何呢( ﾟωﾟ)",,,,
29035097,1596303046,RnB67fi,"<font color=""#789922"">&gt;&gt;No.29035005</font><br />
既不让jk独自苟在图书馆，能够利用她的知识改变局势。又能抱软软的jk牵jk的香香手不好吗(ゝ∀･)",,,,
29035285,1596303788,AxPkv3o,"<font color=""#789922"">&gt;&gt;No.29035015</font><br />
肯定会有啊，但这和我们的行动关系不大，只要她有想动摇的心思那直球进攻要她入伙肯定也有效果的，到时候只要看反应改变话术就好(而且主动提超游)。<br />
至于大声呼唤，emmmmm，我觉得这是个双刃剑，用的好可以直接逼宫，用不好也有管理员就直接闭门不出装死的可能性，这里的要求是要让管理员会认为鬼方一定会去搜查图书馆，少一点都不行，感觉有些太严苛了。",,,,
29037185,1596319270,76ggYgK,"<font color=""#789922"">&gt;&gt;No.29034728</font><br />
提醒警察下场的关键在于，让jk不再盲目自信，小脑袋瓜意料外的状况可多着呢。一点点把jk从舒适圈中拉过来。<br />
她要是想过警察下场，那她想过警察以外的势力下场吗？如果警察受到救人的掣肘不一定能妥善解决阖壶鬼，那其他局外势力会不会也来打断仪式？比如紫衣？<br />
为什么要把自己的命拱手交到别的存在手上呢？<br />
二周目从pl动议上看，并不是一直都想要苟的，相当多的时候我们试图以各种理由说服jk，一会红雾一会广播一会钥匙啥的，只是我们说服来，说服去，就是没讨论警察下场的可能性，也没挑明破局者可能存在。然后只要还在阖壶鬼仪式的范围里讨论问题，jk就是有备而来的，之后就反被jk说服了。",,,,
29037257,1596320588,76ggYgK,"<font color=""#789922"">&gt;&gt;No.29034904</font><br />
完了，下一动顶多就开个门，我们只是顺带在讨论开门之后的情况而已<br />
抱jk这想法就跟在天舞铁链一样，很容易被文本秒掉的",,,,
29037642,1596325221,K7RVsQV,"<font color=""#789922"">&gt;&gt;No.29034393</font><br />
附议这个，告诉JK校内有鬼杀人，我们已经救出大部分人，就差你了。她知道阖壶鬼献祭数量不够，自然不会留在图书馆坐以待毙了",,,,
29040306,1596335470,AxPkv3o,"<font color=""#789922"">&gt;&gt;No.29037185</font><br />
我的意思是警察下场其实也在管理员对鬼仪式的考虑范围之一(调查过云糖寺炸毁事件)，而在这个范围内在天翻了天也无法说服管理员，所以必须要从管理员没有思考过的方向破局。<br />
但我们又无法在警察这个话题中把话题方向引导向清场势力这个方向，所以我主张直球进攻，通过对事件的认识来侧面煽动管理员或许达不到什么好效果，我们能做的可能只有把在天想救出管理员的迫切愿望传达给她。",,,,
29044489,1596345509,20aFfM6,"这一动先敲门让jk放我们进去，试探jk是否有离校意愿。<br />
分析一下，之前在天从北门到东门的路线jk那个位置是可以看见的，鬼没正面冲过来，jk大概率不想走，可以和jk上去不开灯从窗帘后面先观察一下边看边问，提高信息量。1、鬼追了可确认女寝众离开后校内人数不够，如需要再打逃跑周目，需要分批隐在校内，几乎同时突围。2、鬼没追以后如果冲村子结局存活，那么依然可以采用这方法将部分非战斗力送走。",,,,
29045027,1596347095,76ggYgK,"<font color=""#789922"">&gt;&gt;No.29040306</font><br />
<br />
其实不算jk调查过吧，见此串开头，云糖寺爆炸案算是个背景事件了。结合背景，她如果一开始已经把校外势力纳入考虑范围，就不可能觉得学校里还有安全的藏身之地。<br />
jk排除了一系列阖壶鬼的措施对自己造成威胁的可能，但并不对阖壶鬼的到来先知先觉，直到目击红雾。而对警察之类的校外势力，她只能期望他们不选择玉石俱焚，却没有半点把握",,,,
29045155,1596347377,76ggYgK,"<font color=""#789922"">&gt;&gt;No.29045027</font><br />
就希望下一动能看到jk，能听到jk表态吧<br />
如果只是开了个门，那这讨论应该没完",,,,
29047857,1596354486,RQQbrDK,"<font color=""#789922"">&gt;&gt;No.29037642</font><br />
<font color=""#789922"">&gt;&gt;No.29033347</font><br />
附议",,,,
29047874,1596354519,RQQbrDK,"<font color=""#789922"">&gt;&gt;No.29037642</font><br />
附议",,,,
29048135,1596355113,122iiCI,来讨论下如果管理员同意出来的话咱们如何行动吧，如果是以在天的认识只有让管理员出学校和北门外女寝众汇合这一条路吧，还有什么其他方案呢,,,,
29051783,1596363608,FZXfBKF,"<font color=""#789922"">&gt;&gt;No.29048135</font><br />
1 视同普通女生，一起准备下山，此方案jk无用<br />
我们相当于花了大约5min救了一个普通群众<br />
2 跟在天一起，雌雄双煞。此方案下可快速靠近体育馆、办公楼甚至男寝，座位主要战力使用。<br />
但这是有前提的<br />
jk凭什么听我们的加入战斗？<br />
现在必须让jk知道现在局势不对了<br />
要么参加天堂之战，要么就是中后期大危机<br />
现在我们可知<br />
全体学生--星河文明<br />
pc--玩家文明<br />
jk--展策人<br />
阖壶鬼-虫群+次元恶魔+灰蛊<br />
阖壶鬼-一般通过精英利维坦",,,,
29054063,1596368120,FZXfBKF,"<font color=""#789922"">&gt;&gt;No.29051783</font><br />
我们不妨说<br />
我爱你，我想要跟你一起活下去<br />
但是现在我还想要去救那些仍然深处危机的伙伴和同学<br />
我们已经转移了绝大多数人，现在，我想求求你，帮我一把，如果你不愿意，你可以去北门，老师和其他同学在那里等你了，相信我，我会回来的，我跟你约好了，咱们两个要一起好好活下去",,,,
29056305,1596372739,RQQbrDK,"<font color=""#789922"">&gt;&gt;No.29054063</font><br />
我觉得可以",,,,
29056368,1596372867,122iiCI,"<font color=""#789922"">&gt;&gt;No.29054063</font><br />
我爱你这种话对于咱们在天同学来说还是太早了，前几周目有试过说情话但是效果是一塌糊涂，“比起男人怎么说更要看男人怎么做”，还是从行动上表现出对管理员的在意吧",,,,
29057089,1596374353,RoPqUOL,"<font color=""#789922"">&gt;&gt;No.29056368</font><br />
附议",,,,
29058034,1596376240,FZXfBKF,"<font color=""#789922"">&gt;&gt;No.29056368</font><br />
我认为现在大家最不能确定的，不是在天应该干什么<br />
而是管理员到底对校园警戒度，能容忍到几级<br />
什么情况下会宣阖壶鬼<br />
现在如果是在天自称很危险，jk会认为你疯了<br />
而在天自己去送的时候，jk却并没有表现出过多的在意（在天主动送操场的回合，甚至于上周目主动选择跟团逃离的回合，jk也没有强行阻拦在天或提出放弃中立的打算）<br />
我认为应该加入:<br />
已经有同学选择去山下报j了，jc过一段时间就会到，按现在阖壶鬼的工作效率，过不了多久校园里就会没有活人了，如果你坚持留在这里，我怕你会会被jc误会为对方的人而受伤。",,,,
29058113,1596376428,FZXfBKF,"<font color=""#789922"">&gt;&gt;No.29058034</font><br />
很显然，让jk直接参战的任何行为，都会被ig7判定为超游<br />
但是如果先让jk跟我们逃跑，然后在路上“顺势”遇险，让jk迫不得已出手，才是比较合理且规避超游行为的套路",,,,
29058263,1596376735,FZXfBKF,"<font color=""#789922"">&gt;&gt;No.29058113</font><br />
那么，怎么才能算顺势遇险呢？<br />
一周目的影噩冲门，jk甚至没能出手，说明她对于对付复数影噩还是力不从心<br />
尽可能保证让jk对影噩的1v1局势是比较理想的<br />
如何创造？<br />
从地形上来看，如果我们在离开女寝的时候开灯，那么会至少有1只影噩前往女寝。<br />
而如果校内有人员逃亡北门，那么也可能会有少量影噩前来追击<br />
也就是说，如果我们能在图书馆隐蔽并观察5min左右，就能至少看到1只影噩在附近，到时候顺势而为即可",,,,
29058281,1596376763,122iiCI,"<font color=""#789922"">&gt;&gt;No.29058113</font><br />
是的，现在就是在讨论“跟我们逃跑”的路线选择问题，按照在天现在的情报把管理员捞出来之后只有“和管理员一同从东门绕到北门，之后留下管理员和女寝众汇合，自己再杀进学校支援广播组”这一个选项，除非管理员主动提出和我们一起去支援广播组，不然完全没有“顺势遇险”的机会。",,,,
29058446,1596377130,FZXfBKF,"<font color=""#789922"">&gt;&gt;No.29058263</font><br />
再看局势，目前阖壶鬼的重点必然在男寝和教一，男寝的嘲讽渐渐停止，说明极有可能掩护人物已经成功或至少有相当战力被吸引在男寝<br />
现阶段后符+影噩的数量不会高于4只（显然，转换大爷也需要将近10min，而就教一的局势来看，如果转化大爷则其余人脱离；若追击其余人则大爷不能被转化），而且由于阵势衰弱，后续影噩产生的速度会进一步下降，可以肯定的是在凌晨0点前后校园内影噩不会超过6只抛去双鬼至少自带一只，一共也只有最多4只影噩搜校园，每栋建筑约分到一只，都是处于单独行动的状态",,,,
29058667,1596377615,FZXfBKF,"现在我们遇到的变数，反而是西门<br />
1西门开了吗，有人从西门跑了吗？<br />
2若西门未开，有多少人选择撤往体育馆？<br />
<br />
现在的局面是其余幸存者根本不清楚北门和东门的大好形式，他们甚至可能认为北门和东门的未能得手，而冒险前出教二甚至教一打游击<br />
<br />
能否想个办法发出信号，让他们知道至少北门可以撤离？",,,,
29058788,1596377860,FZXfBKF,"<font color=""#789922"">&gt;&gt;No.29058667</font><br />
还有最后一种情况<br />
3 如果其余幸存者损失惨重，我们还要不要救？事实上，我们对局势的了解很差，每一步都在梭哈去赌<br />
如果回报很少或赢面很小，我们还要不要再押上？<br />
<br />
所以北门的情况确实重要<br />
<br />
我认为劝jk跟我们去北门看看校车的情况也是重要的选项",,,,
29058961,1596378274,122iiCI,"<font color=""#789922"">&gt;&gt;No.29058788</font><br />
北门重要吗？重要。<br />
我们去北门有用吗？没用。<br />
<br />
实际上如果有在停车场遇到其他的幸存者，那不用想人就是冲着校车来的，即使咱们不说他们有能力的话也会发动校车。而没人会开校车的情况下呢，如就北门打开，他们也能从北门直接逃出学校。<br />
<br />
重要的还是如你所说：该想办法和广播组取得联系",,,,
29060087,1596380419,Ig7nipt,再来点附议(=ﾟωﾟ)=,,,,
29060182,1596380594,FZXfBKF,"<font color=""#789922"">&gt;&gt;No.29037642</font><br />
附议",,,,
29060200,1596380616,FZXfBKF,"<font color=""#789922"">&gt;&gt;No.29047857</font><br />
附议",,,,
29060221,1596380638,122iiCI,"<font color=""#789922"">&gt;&gt;No.29047874</font><br />
附议，对话修正一下，敲开门后和管理员说“女寝那儿我们人都救出去了，广播的那组人在男寝救人，时间紧迫，咱们赶紧走吧”",,,,
29061043,1596382270,Ig7nipt,"<font color=""#789922"">&gt;&gt;No.29034393</font><br />
<font color=""#789922"">&gt;&gt;No.29037642</font><br />
<font color=""#789922"">&gt;&gt;No.29047857</font><br />
<font color=""#789922"">&gt;&gt;No.29047874</font><br />
<font color=""#789922"">&gt;&gt;No.29060182</font><br />
<font color=""#789922"">&gt;&gt;No.29060200</font><br />
<font color=""#789922"">&gt;&gt;No.29060221</font>",,,,
29061814,1596383859,Ig7nipt,"开门，摸黑步入。<br />
<br />
虽说不是这么想的时候，但是终于……早在一个多小时前，你就在盘算着的来一趟图书馆见一趟她，兜多少个圈子，现在总算还是成了。之前也打过招呼了。<br />
<br />
可她也并没有来迎接你的意思。按照惯例还是需要你亲自走上楼去，到文科室去见她。于是你就上去了，安静的氛围里，少女平息的呼吸声诱惑着你找到了文科室的门框，而后，在这漆黑一片中，你先手喊出：<br />
<br />
“……学校里有鬼在杀人，女寝我们已经救出去了，男寝有广播组的人在办，就剩下我们了——一起走吧！时间紧迫，不能留在这里了。”<br />
<br />
听完后，漆黑中一声“啪~”合上书。<br />
<br />
“从哪里逃的？”<br />
<br />
“东门出去，再到北门。我来的那条路。然后再上校车。”<br />
<br />
“校车的准备做好了？”<br />
<br />
“没有驾照姑且也能上吧。紧急时刻。”<br />
<br />
“那鬼呢？”<br />
<br />
“鬼？鬼现在一定在男寝那边。”<br />
<br />
23:58<br />
<br />
漆黑中，你仿佛觉得她一定有种嘲讽般的表情。<br />
<br />
“你就觉得鬼只在男寝了？”<br />
<br />
你的行动？",,,,
29061923,1596384060,122iiCI,boss战了各位，好好想想话术吧,,,,
29062090,1596384386,RrRXxWn,"已知前符 后符 影噩1 影噩2 （其他未知）<br />
在天知道什么，在天可能知道个阖壶鬼和影噩就最多了吧？<br />
我在这里先丢一点不成熟的提案~| ω・´)<br />
<br />
先甩出之前我们已经猜想有复数鬼表明我们也并非一无所知<br />
<br />
其次当量面前没有牛鬼蛇神这句话这周目能从我们的嘴里说出来吗？提醒一下警察的危险性，并提出猜想既然有鬼，那么肯定有对应的国家部门，到时候难以保命。<br />
<br />
然后问她既然她看起来什么都懂阖壶鬼布下天罗地网，如果直接冲树林去村子能不能救下同学<br />
<br />
最后回忆一下她的名字看能不能喊出“陈醉”，告诉我，你还知道些什么，打感情牌",,,,
29062437,1596385168,RrRXxWn,"我们还未知操场上的阵势是有鬼操纵才能发展的，但是能否提出才想即便有复数鬼也有需要留在操场的可能性<br />
感觉搅局者的重要性应当被强化，来逼着jk动起来，但是在天现在估计注意不到这一点<br />
至于jk能不能打鬼我倾向于不能，她可能知道很多从而对自己只要待在图书馆就不会死很自信，觉得鬼完全补回来找她麻烦，但反而为信息所困，想不到会有外来人打破仪式并且对她不利",,,,
29063232,1596386779,76ggYgK,"这次行动的限制就是三个字：谈正事。可以掺杂一些情感，但是jk现在比较认真，更关心在天的道理。<br />
顺便推测一下，jk一直没有排除校外有阖壶鬼的可能。她也的确有足够的理由认为校外还有阖壶鬼。所以“鬼只在男寝吗？”这个问题要分类讨论的",,,,
29063328,1596386992,122iiCI,"先看下管理员最后一个问题:【鬼“只”在男寝了？】会这么问说明管理员已经确认鬼不止在男寝，男寝外还有鬼，即【有复数的鬼存在】。<br />
<br />
通过这个问题可以使在天做出反问:“你是说学校里不只有一个鬼？”。<br />
<br />
然后再进行推论:“如果不止一个鬼的话，除了男寝外还能去哪…校车！鬼肯定会阻止我们通过校车逃跑”。<br />
<br />
再就是回想起刚刚和天哥交代的话:“我刚刚和另一个男生交代了去停车场寻找幸存者的事，如果鬼在停车场的话那他现在非常危险，我得去帮他！”<br />
<br />
最后就是行动选择了，是让管理员待在图书馆？从东门逃出去？还是请管理员和我们一起去停车场支援天哥？<br />
<br />
顺便另一个鬼在哪的问题大伙也来提提意见，如果不是停车场的话还有哪几个地方可能回去呢？",,,,
29064703,1596391320,RQQbrDK,"<font color=""#789922"">&gt;&gt;No.29063328</font><br />
“红雾是从操场起来的，很大几率有人在操场动手脚。刚才大爷他们的声音从教1传出来的，另一个应该在教1附近”之类的？",,,,
29064721,1596391391,RQQbrDK,"<font color=""#789922"">&gt;&gt;No.29064703</font><br />
草我时间线记串了，这个废掉",,,,
29064869,1596392021,F6SEzeP,这......结果我们还是没能问有没有人认识山路？(;´Д`),,,,
29064965,1596392471,76ggYgK,"<font color=""#789922"">&gt;&gt;No.29064869</font><br />
此所谓挂一漏万",,,,
29064967,1596392488,RQQbrDK,"<font color=""#789922"">&gt;&gt;No.29064869</font><br />
确实诶(´ﾟДﾟ`)",,,,
29065008,1596392674,RQQbrDK,"<font color=""#789922"">&gt;&gt;No.29064869</font><br />
侧重点全放小恶魔身上了，这事不说都忘了( ´_ゝ`)",,,,
29076526,1596436914,AxPkv3o,"顺着这个话题下去就是“阖壶鬼可能隐藏在人群之中/阖壶鬼可能会在某处埋伏”，然后就劝不动了(或者至少不会再往北门去了)，但是不接这个话题一定又会被管理员顺手提出家里蹲提案然后反向进攻，直接gameover......哇好麻烦(;´Д`)<br />
首先，虽然我个人觉得很糟糕，但大体思路上我附议<br />
<font color=""#789922"">&gt;&gt;No.29062090</font><br />
的方案，顺着已经得知的复数鬼的猜想先把这个问题搪塞过去，然后用一个足够有重量的思路一转攻势，最后再用感情牌糊弄过去说服她加入。<br />
不过无论是以什么手段，让她和那个队伍合流，都一定会让她以“阖壶鬼可能隐藏在人群之中”这个理由直接毙掉，所以把她劝出来说不定也就剩下东门逃生这一个路子可以走了(其实也有说服直接进攻阵势这个路子，但是成功率太渺茫了，而且在天根本不知道阵势是什么)",,,,
29087374,1596460867,122iiCI,来点附议~,,,,
29091376,1596468078,Ig7nipt,再来点附议(=ﾟωﾟ)=,,,,
29091570,1596468401,RQQbrDK,"<font color=""#789922"">&gt;&gt;No.29076526</font><br />
附议这个附议(｀･ω･)",,,,
29091674,1596468569,Ig7nipt,"<font color=""#789922"">&gt;&gt;No.29062090</font><br />
<font color=""#789922"">&gt;&gt;No.29076526</font><br />
<font color=""#789922"">&gt;&gt;No.29091570</font>",,,,
29091707,1596468612,RoPqUOL,"<font color=""#789922"">&gt;&gt;No.29058034</font><br />
附议这个",,,,
29091859,1596468884,RrRXxWn,再来点附议.jpg.,,,,
29091874,1596468913,RrRXxWn,啊原来是我卡了,,,,
29091914,1596468996,RrRXxWn,说起来我只是提一下不成熟的第一时间看到ig7更新我的想法没想到后面没有肥哥提出更成熟的动议了( ・_ゝ・),,,,
29092017,1596469186,76ggYgK,感觉对jk该分析的都分析得差不多了，就是不知道怎么跟她说话,,,,
29092227,1596469660,RQQbrDK,"<font color=""#789922"">&gt;&gt;No.29092017</font><br />
确实诶(´ﾟДﾟ`)<br />
要不行就把外界因素可能性（例如jc）说出来，然后打感情牌？(*ﾟ∇ﾟ)",,,,
29092244,1596469690,Ig7nipt,"“你觉得不止一只鬼？”<br />
<br />
“有十只也说不定。”<br />
<br />
“不可能那么多，鬼要杀人才能增殖，学校里一共也没那么多人。”<br />
<br />
“这么说你也明白的了？”<br />
<br />
“……跟着广播和超自然社的人，随便听到的。”<br />
<br />
“鬼不止一只，接下来呢？”<br />
<br />
仿佛循循善诱的女恶魔。<br />
<br />
“鬼不止一只……——那！那鬼就不一定只在男寝，从校门打开的瞬间，说不定、说不定就已经察觉了，那时候就往北门过来过的话，那么……”<br />
<br />
那么？——那不就！？<br />
<br />
00:00<br />
<br />
惊惧。冷汗。<br />
<br />
静谧之中，就算隔着窗玻璃也能听得出，在北门那方，模模糊糊的传来女生的尖叫声，尖叫声着四散，尖叫着乱逃……一时间，作为这场战略失误的始作俑者，你感到头晕目眩。<br />
<br />
“校车……我能想到，鬼凭什么想不到……”<br />
<br />
自责。但是你就算拔腿就跑出去，你也改变不了什么。怆然的扶着门框，祈祷那些尖叫声是缓缓远去，而不是突然停死；然后你听到了图书管理员的轻轻的邀请。<br />
<br />
“想吃棒棒糖吗？”<br />
<br />
你的行动？",,,,
29092339,1596469886,RrRXxWn,"日哦，杀tm就应该东门原地解散往村子里逃，往北门走就是赌博赌双gay和鬼谁先到<br />
显然这次是鬼赢了",,,,
29092354,1596469916,RQQbrDK,芜湖，上一步就失败了，现在让jk出来啥不说，咱们出去都危险了( ;´д`),,,,
29092372,1596469959,RrRXxWn,"以后估计会也只会是鬼赢了，po之前就给了提示开门会刺耳鬼会发现，北门开了之后真的就不该过去了<br />
大家的思路还沉浸在怎么处理校车上呢",,,,
29092479,1596470185,RrRXxWn,"ig7的团都说了每个地方都会给提示的<br />
沉浸在自己一厢情愿的幻想之中不去看行文中的提示就等这be呗<br />
这是阅读理解题不是即兴自由发挥题啊",,,,
29092534,1596470280,122iiCI,没发现错误是开完东门之后去开北门吗,,,,
29092570,1596470335,RrRXxWn,"“你有什么口味的棒棒糖？”<br />
然后蜂蜜橘子里面选之前知道的jk喜欢的那个（是蜂蜜还是橘子我忘了）<br />
然后开始看书吧，救人我们已经救不了了<br />
（之后看书看关于阵势，紫衣的，这回合大概率不需要处理）<br />
如果jk想要搭话就问问jk知不知道鬼要干什么",,,,
29092597,1596470397,x3ohcNk,"棒棒糖，第三次棒棒糖，说明这个提问的意义在于同jk一起蹲在图书馆里了<br />
现在在天能做什么?去北门?找大爷和双gay?和jk蹲图书馆?还是说直接跑出校园，独自求生?<br />
如果不想和jk蹲图书馆，我不主张再和jk交谈了。以往的周目jk都是巨能拖时间，而现在我们很需要时间来尝试改变局势，除非我们能很快地让jk出手，不然应该别再尝试拉她入队了",,,,
29092602,1596470406,RrRXxWn,"<font color=""#789922"">&gt;&gt;No.29092534</font><br />
那确实开完东门就该去图书馆了",,,,
29092635,1596470472,122iiCI,"<font color=""#789922"">&gt;&gt;No.28819579</font><br />
这个是上周回复的，但是对于大家来说可能还是开门更重要吧",,,,
29092724,1596470657,x3ohcNk,我觉得可以去问这个问题是什么意思(理由可以是一种无能狂怒“大家都被我害死了你还有闲心问我要不要棒棒糖？”)但不要指望jk能给出有意义的回答。然后对jk交代自己接下来要做的事，然后离开图书馆(除非选择和jk一起蹲),,,,
29092796,1596470792,RrRXxWn,"<font color=""#789922"">&gt;&gt;No.28799368</font><br />
当时想的是分散注意力拉男寝活人更多，<br />
但是我们自己前后的行为就是矛盾的，想拉注意力牺牲的就是北门的逃脱空间和校车<br />
代价就是只能步行树林下山<br />
上回合又把女寝众让他们去北门我们刚刚拉过枪线的地方<br />
我建议直接下周目再想着救人了，这周目不如试试在图书馆有没有逃出去的机会，或者有没有机会破坏阵势<br />
毕竟我们二周目是苟到底了没有任何行为<br />
这周目看看对超和警察啥时候进场吧",,,,
29092951,1596471132,RQQbrDK,"<font color=""#789922"">&gt;&gt;No.29092339</font><br />
<font color=""#789922"">&gt;&gt;No.29092534</font><br />
前边就已经把剧情推没了吗(;´Д`)",,,,
29093047,1596471355,RQQbrDK,现在可以确认的是女生那边没得搞场了，毕竟在山里，能跑的跑了 跑不了的早被抓了。广播组个人觉得要么捐了要么跑路了。|-` ),,,,
29093057,1596471377,122iiCI,"咳，发生的已经发生了，还是来讨论下接下来还能干嘛吧<br />
<br />
首先小树林中遇袭，现场六人，遇敌情况不明，不知道除阖壶鬼外还是否有带影噩。<br />
<br />
然后是男寝方向碎玻璃声减弱，如果不是幸存者的诱敌那就只有是阖壶鬼的诱敌了，通过制造声响传达出鬼在男寝的错觉，为小树林袭击做铺垫。但是这样的话钢管双基和广播组呢？是否有在阖壶鬼前往男寝前就已经撤离？<br />
<br />
此时校园内还有希望逃脱的就只有广播组加上双基，在广播组有西门钥匙，且小树林中传出尖叫的现在他们会选择直接从西门出去吗？不好判断。<br />
<br />
现在我们手头上的情报是零，感觉如果结果管理员的棒棒糖之后就是复刻二周目了，既然现在一个阖壶鬼（或影噩）确认在北门外杀人，那校园里就少了一个威胁，想要再杀回校园里！至少尝试下为广播组争取机会！",,,,
29093180,1596471635,RQQbrDK,"<font color=""#789922"">&gt;&gt;No.29092796</font><br />
总是因为忘记目的跑偏方向最后尬了，我觉得有必要在行动前记录一下目的，免得后边带错方向。|д` )",,,,
29093215,1596471697,RrRXxWn,"<font color=""#789922"">&gt;&gt;No.29093057</font><br />
我们复刻二周目也可以试着在学校内做点什么，二周目我们是直接双手一摊躺平了，连信息都没获取多少，之后校内和阖壶鬼周旋，警察对超来了会做什么我们一无所知。<br />
我认为既然我们这周目能接触的人已经接触过一遍了，就放着让他们自己动就行了，现在去找鬼正面对峙鬼甚至不需要手枪就能把我们宰了<br />
只有等外界势力介入了，看看会发生什么。<br />
此外，我们能否利用阵势红雾把影核转化为我们的影噩这种事我们都没尝试过呢，看书让在天知道这些情报之后去试试呗",,,,
29093291,1596471836,RQQbrDK,"<font color=""#789922"">&gt;&gt;No.29093047</font><br />
确实，现在剩下的选择就是苟图书馆和捞广播组了（当然也可以直接自己跑路，但是手头啥也没有，感觉就算不被追杀，也会在山里迷路最后be）…苟图书馆基本就二周目再来一次，不如去拼一下？( ´ー`)",,,,
29093331,1596471946,RQQbrDK,"<font color=""#789922"">&gt;&gt;No.29093215</font><br />
还是有点担心如果跑出去人了，人不够开阵势，鬼饥不择食跑图书馆找人…",,,,
29093366,1596472021,RQQbrDK,"<font color=""#789922"">&gt;&gt;No.29093331</font><br />
如果外边女生团灭了或者就跑一两个，就当我放屁(;´Д`)",,,,
29093433,1596472185,122iiCI,"<font color=""#789922"">&gt;&gt;No.29093215</font><br />
然后现在拖得越久，校园内被转化的影噩就越多，对我们行动的限制也就越多，还记得咱们二周目第一个晚上后半夜校园中已经洒满了影噩吧。<br />
<br />
实验利用影核转化，咱们去哪里搞影核呢总不能在图书馆里手刃管理员取影核吧( ﾟ∀。)",,,,
29093536,1596472391,RQQbrDK,"<font color=""#789922"">&gt;&gt;No.29093433</font><br />
确实( ´_ゝ`)",,,,
29093619,1596472539,RQQbrDK,我觉得还是找广播组吧…不过有可能广播组捐了/跑路了就是|-` ),,,,
29094412,1596474448,76ggYgK,"哇哦( ﾟ∀。)所以其实开北门跑东门真的能声东击西吗<br />
<br />
我大致理解成女寝众在北门外复刻了此前发生在校内的场景，四散而逃。有可能活下来，也有可能死于影噩或者死于意外。阖壶鬼应该不至于亲自跑出去。<br />
<br />
先不接棒棒糖这茬吧（约等于休息），虽然复刻二周目也是个方向。可以顺势低落，提出一些阵势相关的想法或问题，比如“刚才一出学校，气息就完全不同了，红雾也不见了，还想着鬼要是不会跑出来就好了”，看能不能引到上个月的失踪案啥的",,,,
29094480,1596474635,RQQbrDK,"<font color=""#789922"">&gt;&gt;No.29093619</font><br />
捋了一下前边，去捞广播组有这么个可能<br />
广播组早跑路了，咱找广播组找了个寂寞，然后被埋伏的影恶搞了<br />
广播组团灭了，现在校内影恶多了，半路上被搞了<br />
广播组找到了，跟着广播组西门跑路了<br />
不过总觉得玻璃声这个时候没了，不是广播组已经不在了，影恶之前在声东击西，好让鬼去北门抓人，就是广播组完事了跑路了，这么说来捞广播组风险也挺大( ´ー`)",,,,
29094487,1596474658,76ggYgK,另外，还是对破局者很感兴趣，后期逗留在学校的话，存在破局者入场后活下来的可能吗,,,,
29094540,1596474808,RQQbrDK,"<font color=""#789922"">&gt;&gt;No.29094412</font><br />
也行，反正现在已经是死局了，怎么拿情报多怎么来吧，我等着附议( ´_ゝ`)",,,,
29094761,1596475521,RQQbrDK,"<font color=""#789922"">&gt;&gt;No.29094487</font><br />
二周目是毒气结局，也就是说开枪的大概率不是鬼，是别人。感觉第三方来了就彻底清场了，不会说去救人了吧|-` )",,,,
29094955,1596476028,122iiCI,如果选择苟的话那就开始复盘吧，以这周目为例，咱们已经知道（ig明示）两个阖壶鬼在处理完诱饵组和广播发生后，会选择一个前往男寝一个前往停车场，那么咱们如果复刻这周目的行动的话，在哪个环节开始做什么事才能把阖壶鬼从停车场引到其他地方呢？,,,,
29099581,1596503719,9GDPV4S,"不想苟，出去找广播组吧。<br />
现在阖壶鬼一个在围剿北门，一个在维持阵势，应该没有空闲管其他的。在图书馆苟起来就是眼看着影噩越来越多。",,,,
29100181,1596505272,x3ohcNk,"我不认为去找广播组是好事。首先，广播组在办公楼任务结束后有两个选择:西门逃脱和北门逃脱。西门逃脱的话现在要么已经GG了要么已经逃脱了，要是想独自逃生不如直接东门出发。北门逃脱的话更不用说，他们看到女生部队肯定会上去搭话，可现在嘛。。。。<br />
我提议接下jk的棒棒糖，尝试在图书馆来一场长生存。虽然在图书馆很难给局势造成影响(目前已知)但相同的我们也很难被外界影响。然后学生部队的大规模伤亡对于鬼一方而言意味着仪式所需已经完成，不用担心缺影核跑来图书馆。另一方面，学生部队的伤亡不会有半夜绝望广播+白天破窗进入图书馆的事，可以放心待在图书馆里。但我们仍需要努力观察外界局势，不然被ig判定过于怂就是真的复刻二周目了",,,,
29100850,1596506698,122iiCI,此时的操场会有些谁在？如果北门有鬼，男寝有疑兵的情况下，在警戒度拉满的现在，能逼前符开枪吗？,,,,
29105814,1596517432,x3ohcNk,"<font color=""#789922"">&gt;&gt;No.29100850</font><br />
难，现在这局势比上次逼开枪还要严峻，除去女生部队，掩护组就已经足够保证操场的安保，还不确定广播组的生死。<br />
近距离逼开枪等于送，目前在天还不清楚前符的作用话是没办法逼前符开枪。而现在有勇气逼开枪的应该只有钢管双基，孤殇和旭了。<br />
话说线虫二人组有出现吗？",,,,
29106264,1596518627,122iiCI,"<font color=""#789922"">&gt;&gt;No.29105814</font><br />
现在提议去操场正是在时间上赌博，此时女寝众正在被袭击/刚袭击完，转化影噩没有那么快，加上掩护组大爷遇袭后广播立马响起，教一里应该是没时间停留直接去的北门，另一个影噩去的男寝？或者伪噩取男寝，后符带影噩去北门，这样看起来操场要么是中门大开，要么就是正在召唤影噩咱们送头上门。<br />
<br />
加上咱们现在对局面有一个大概认识的情况下，看到操场中的人影觉得就是鬼然后怒从心头起恶向胆边生一波rua上去，还是挺合理的嘛( ´∀`)",,,,
29107172,1596521003,x3ohcNk,"<font color=""#789922"">&gt;&gt;No.29106264</font><br />
这种行为我觉得没有意义<br />
请想一想这件事该如何成功:首先前往操场不能遇上影噩，其次前符身边仍是伪噩，很单纯的赌博<br />
然后想一想这件事成功后起的作用:超自嫌疑已被大爷洗脱，且大家早已知道是校外人所为，故“团结学生”这个目的是达不到了(已被达到)；广播已经结束，全校人都知道鬼与命案，故“提升全校警戒度”也达不到(或者说无太大作用)。能达到的只有校外人士提前报警，jc提前入场和jk的怒火。但这是用无法得知第一个白天以及以后阖壶鬼方行动和jc，超自入场时间换来的，我认为不值",,,,
29107480,1596521880,122iiCI,"<font color=""#789922"">&gt;&gt;No.29107172</font><br />
为的就是校外人士提前报警，以及上次枪响之后ig提到的对认知的改变，在校园内已经广播闹鬼的现在开枪还会改变认知吗，顺便试试用这个方式掩护广播组。<br />
<br />
如果说是放弃救人/救人失败的情况下退而求其次选择试着救下管理员，那苟着是能看看有啥机会。<br />
<br />
但是其实最主要的思路还是“今晚之后发生的事对我们其他周目破局的影响有限”：现在选择苟的话之后就没有机会出图书馆了，坚持的够久是能看到第三方入场，但是这对我们前半夜救人没啥帮助。<br />
<br />
我的看法是这样的，但是看起来苟已经是主流意见了。",,,,
29108662,1596525078,RQQbrDK,"<font color=""#789922"">&gt;&gt;No.29099581</font><br />
<font color=""#789922"">&gt;&gt;No.29093619</font><br />
找广播组风险太大了，参考我这串…",,,,
29108704,1596525195,RQQbrDK,"<font color=""#789922"">&gt;&gt;No.29108662</font><br />
<font color=""#789922"">&gt;&gt;No.29094480</font><br />
草，引用错了，是这串(;´Д`)",,,,
29109028,1596525933,F6SEzeP,12点就要起风了，还出得了门吗( ﾟ∀。),,,,
29109091,1596526089,RQQbrDK,"反正现在先统计一下行动和目的吧，<br />
和小恶魔苟目的就收集后半夜外界情报，捞人，破阵和咱们无缘了。<br />
去操场，目的是趁现在鬼在北门抓人，偷对方老窝？我没看明白。<br />
找广播组，那就弃小恶魔，很明显目的是捞人跑路，但是风险很大。<br />
目前提议貌似就这三个。肥肥们讨论一下，我等着附议吧|-` )",,,,
29109220,1596526463,RQQbrDK,"<font color=""#789922"">&gt;&gt;No.29109028</font><br />
这周目阵势应该被拖延了点吧？不过就算拖延了，风也只是晚点起。没拖延就当我放屁。但是按这个局势，不管拖延没拖延现在在外行动时间都挺少的，女生已经被端了，抓一两个也是抓，只是转化要点时间。风起来之后除了图书馆苟就没得搞场了。|ー` )",,,,
29109262,1596526580,RQQbrDK,"<font color=""#789922"">&gt;&gt;No.29109220</font><br />
掩护组和广播组生死未卜呢，如果也被端了，那满地影恶和起大风只是时间问题了。",,,,
29109341,1596526791,76ggYgK,"看下来还是先苟住比较有说服力<br />
所以你们苟情报的大方向确定了吗，要从哪个切入点开始呢，总不能说“我要吃棒棒糖”然后一转“怎么破阖壶鬼阵势”吧",,,,
29109423,1596527009,x3ohcNk,"<font color=""#789922"">&gt;&gt;No.29107480</font><br />
如果让在天去逼开枪，我反对，如果能让除在天以外的谁去逼她开枪，我赞同。<br />
<br />
我觉得当时逼开枪成功起到的最大作用就是我提的已经达成的两点。当时逼开枪时，全校目光都集中于操场，大家都目睹了在天的死，打破了阖壶鬼的神秘，定下了反抗与逃生的基调，还有一件神秘事件被达成，而就算这样，仍旧死伤惨重。<br />
<br />
而现在去逼开枪，对局势是没有任何变化的，最多给幸存者一个“阖壶鬼有枪”这个概念。这也没多大作用，因为大家都知道阖壶鬼能杀人。提前让外界人士报警，然后在jc到来的时间里影噩把学校给翻个干净。就是说让在天用命去给外界传递信息其实和在天蹲图书馆没啥区别，可能前者多救几个人，但这些人也不会把情报告诉我们听<br />
<br />
这个跑团我一直都是秉承以在天本人为中心的，在天一死，周目结束，死后的情报只有一点点后日谈，因为在天死了，所以没办法知道。如果说能通过逼开枪来获取关键情报，或者能存活还能救下高价值人物，不然都不如一次长生存能得到的情报重要",,,,
29109810,1596527983,122iiCI,"<font color=""#789922"">&gt;&gt;No.29109423</font><br />
不如先来想想这周目咱们准备问管理员些什么问题吧(=ﾟωﾟ)=",,,,
29110188,1596528769,x3ohcNk,"<font color=""#789922"">&gt;&gt;No.29109810</font><br />
我想问的首先就是关于棒棒糖的“你这是什么意思？让我待着图书馆吗？”<br />
然后是观海所需要的“我能上楼顶吗？我想看着学校”",,,,
29110244,1596528892,122iiCI,"<font color=""#789922"">&gt;&gt;No.29110188</font><br />
( ﾟ∀。)我是指留下来之后打算获得些什么我们玩家不知道的关于阖壶鬼的情报",,,,
29110350,1596529151,122iiCI,就像之前翻书的时候那样，我们不知道有什么是我们不知道( ´ー`),,,,
29110670,1596529839,RQQbrDK,"<font color=""#789922"">&gt;&gt;No.29110350</font><br />
<font color=""#789922"">&gt;&gt;No.29110244</font><br />
拉着小恶魔跑团玩，让小恶魔为鬼，看看能不能套出来小恶魔对鬼的见解（团中团，大草）| ω・´)",,,,
29110780,1596530083,RQQbrDK,"<font color=""#789922"">&gt;&gt;No.29110670</font><br />
风起来之后，就主要观察外边局势，留意第三方介入时间。二周目全都睡过去了，小恶魔情报也没摸到，外界情报也没摸到，倒是知道了怎么做阖壶( ´_ゝ`)",,,,
29110902,1596530365,RrRXxWn,"<font color=""#789922"">&gt;&gt;No.29092570</font><br />
看书看阵势怎么破解，看紫衣的历史传承（对超），看看影核怎么利用起来，我们能不能化身阖壶鬼。<br />
ig7所说的对等的对决我相信肯定是我们也能掌控影噩，不然无论怎样都称不上对等<br />
而其中的关键是由我们在什么地方怎样转化影核，还是说我们需要阖壶这点我们还没有头绪",,,,
29111086,1596530857,122iiCI,"<font color=""#789922"">&gt;&gt;No.29110902</font><br />
操纵影噩→操纵阖壶鬼。关于掌控影噩这点，与其指望一个晚上速成，不如离间两个阖壶鬼，让其中一方倒戈更现实，毕竟ig可是在奖励团里提到过阖壶鬼的说服难度。",,,,
29113382,1596536022,RrRXxWn,"<font color=""#789922"">&gt;&gt;No.29111086</font><br />
离间的话术和情况条件真的现实吗<br />
放弃和自己一起筹备一生仪式的姐妹去相信一个计划内可以杀掉的角色<br />
emmmm(*ﾟーﾟ)",,,,
29113419,1596536086,RrRXxWn,"<font color=""#789922"">&gt;&gt;No.29111086</font><br />
 <font color=""#789922"">&gt;&gt;No.29113382</font><br />
不如说在天完全理解戒天佑需要帮助她们促成仪式之后的说服难度我觉得还有可能",,,,
29113520,1596536255,122iiCI,"<font color=""#789922"">&gt;&gt;No.29113419</font><br />
对的，前提是先走一遍二五仔结局，搞清楚怎么打入内部，两姐妹不同的诉求，才能有机会策反<br />
<br />
这是翻书翻不出来的( ﾟ∀。)",,,,
29115372,1596539622,RQQbrDK,"<font color=""#789922"">&gt;&gt;No.29111086</font><br />
如果要和鬼谈的话建议操场找姐姐，姐姐好说话|-` )<br />
但是很有可能吓到姐姐，开枪嗝屁了。",,,,
29115474,1596539820,RQQbrDK,我很好奇操场开枪那周目，没直接上去和姐姐贴贴，而是保持距离尝试交流会怎么样|ー` ),,,,
29117249,1596543380,76ggYgK,行动有附议嘛……,,,,
29118931,1596546877,Ig7nipt,再来点附议(=ﾟωﾟ)=,,,,
29119562,1596548164,76ggYgK,"<font color=""#789922"">&gt;&gt;No.29092724</font><br />
<font color=""#789922"">&gt;&gt;No.29094412</font><br />
<font color=""#789922"">&gt;&gt;No.29100181</font><br />
<font color=""#789922"">&gt;&gt;No.29110188</font><br />
不接棒棒糖，问问题<br />
（感觉大家都在复盘，不想苟的没有具体行动，想苟的，上面除了我自己说的一条之外都是另一个人说的）<br />
===================<br />
突发灵感，查了一下棒棒糖的做法，发现除了直接倒模之外，自制的棒棒糖好像还有一种是像麦芽糖那样，让糖浆一层层黏到棒子上，卷成球状？<br />
好奇怪的方法呀( ﾟ∀。)",,,,
29120596,1596550393,gaPNusB,再来点附议.jpg,,,,
29121351,1596551852,x3ohcNk,"<font color=""#789922"">&gt;&gt;No.29119562</font><br />
至少就目前来看，棒棒糖是和是否待图书馆联系在一起的，至于更深一层的棒棒糖与jk，与阖壶鬼的关系，目前还没有依据|-` )",,,,
29122686,1596554172,KQYKqsv,我们不能拽上管理员的小手就跑吗( ﾟ∀。),,,,
29122984,1596554722,76ggYgK,坏了，要鸽了,,,,
29124073,1596556806,RQQbrDK,"<font color=""#789922"">&gt;&gt;No.29122686</font><br />
不能。现在跑出去要么被追杀要么暴毙山里，跑出去几率太小了",,,,
29124225,1596557125,Fkq0c6B,我还是觉得jk的棒棒糖有点关键，得接一下|∀ﾟ,,,,
29124785,1596558363,RQQbrDK,"<font color=""#789922"">&gt;&gt;No.29119562</font><br />
苟图书馆和小恶魔跑团怎么样。<br />
团设定就是现在阖壶鬼入侵这个情况，地图什么的就是学校，让小恶魔扮演阖壶鬼，在天做主持人，来套出来小恶魔对阖壶鬼的见解。（团中团什么鬼啦）|-` )<br />
然后合适的时候再专心观察外边。|д` )",,,,
29125599,1596560325,vz24qOW,(*ﾟーﾟ)附议在图书馆苟住 至少要撑到不是死在阖壶鬼手上,,,,
29130785,1596590332,KQYKqsv,既然大部分人决定苟图书馆，不如现在开始刷好感度吧，呼叫休斯顿(=ﾟωﾟ)=,,,,
29130915,1596590681,122iiCI,"<font color=""#789922"">&gt;&gt;No.29130785</font><br />
( ﾟ∀。)指把事情搞砸害死一票人之后心灰意冷坐在图书馆里吃棒棒糖么",,,,
29133714,1596597719,x3ohcNk,"<font color=""#789922"">&gt;&gt;No.29130915</font><br />
( ﾟ∀。)",,,,
29140880,1596614334,AxPkv3o,"<font color=""#789922"">&gt;&gt;No.29110902</font><br />
我附议这两个观点，这一动先接棒棒糖，然后以询问管理员/看书的方式把问题问清楚。<br />
另外如果没有什么特别重要的事件(起风)，我希望这两动把时间快速跳过去，我们现在已经没什么能改变局势的方案了，而等形势稳定(第二天早上)之后再考虑观海或者内鬼化的问题也不迟。",,,,
29141881,1596616709,AxPkv3o,"<font color=""#789922"">&gt;&gt;No.29140880</font><br />
另外要是有时间和可行性的话，希望能让在天立刻冲到图书馆窗户前观察北门的情况。<br />
【阖壶鬼校外追击的能力程度】和【女寝众是在校内还是校外遇袭】这两个情报可以说是我希望让女寝众去北门的理由之一，至少这个一定要拿到手。<br />
<font color=""#789922"">&gt;&gt;No.29004040</font>",,,,
29147400,1596627462,76ggYgK,"<font color=""#789922"">&gt;&gt;No.29141881</font><br />
明白，意思是跟进到底吧",,,,
29149082,1596630510,RQQbrDK,"<font color=""#789922"">&gt;&gt;No.29141881</font><br />
附议",,,,
29149144,1596630608,122iiCI,"<font color=""#789922"">&gt;&gt;No.29141881</font><br />
( ﾟ∀。)还能这么圆的吗？圆的回去吗？",,,,
29149507,1596631308,AxPkv3o,"<font color=""#789922"">&gt;&gt;No.29149144</font><br />
只是看一眼而已。实际上就算光是看看北门-停车场附近有没有人，有没有尸体，我们就已经能推敲出鬼方的实施方式以及女寝众+孤殇的行动轨迹了，至于剩下的，就要看ig7愿不愿意大发慈悲，以及零点报时到底有多大威力了。<br />
当然，一种最理想情况下(校外遇袭+足够时间看海)，这个行为一直持续下去能拿到是否为阖壶鬼亲自实施+鬼方拖回到学校的尸体数量(以及有没有孤殇)+鬼方回校时跟随的影噩数量，那能分析的东西可就多了去了。不过这个就真的是有点太痴心妄想了",,,,
29149695,1596631705,122iiCI,"<font color=""#789922"">&gt;&gt;No.29149507</font><br />
不认为是否亲自实施和几个影噩对破局有很大的帮助，要避免北门外遇袭的方法要么是在阖壶鬼停留于停车场时前往北门开门，另一个就是在阖壶鬼前往停车场前将其引来。简而言之是在阖壶鬼留意北门前转移其注意力，毕竟之后即使有机会大家也不会再去大大咧咧的开北门了吧。",,,,
29150022,1596632400,AxPkv3o,"<font color=""#789922"">&gt;&gt;No.29149695</font><br />
我们需要知道阖壶鬼是否有能让影噩在校外(或者至少预估出阖壶鬼的指挥范围)单独行动的能力，这样有利于后续的周目在校外行动中做出判断。<br />
至于影噩数量则主要是与尸体数量这个问题一起帮我们推导全局的人物行动，以及和有没有在后续行动中有内鬼化的可能。(而且还有一个原因是阖壶鬼仍有可能使用红雾样本来就地转化，且也有就地抛尸的可能性)<br />
不过你其实不用太在乎我提出的后三个可能性，本来这个就只是最理想情况而已，实际上几乎没有达成的可能性，有心思赌在这个上还不如去看书/撩jk/睡觉",,,,
29150133,1596632668,AxPkv3o,"<font color=""#789922"">&gt;&gt;No.29149695</font><br />
而且我们也没必要把校外行动和北门遇袭挂钩，哪怕在以后的周目里，开门通过校外来让某些人抵达校内地点/校外徒步逃脱仍然是个需要的思路，因此探知鬼一方这方面的情报很有必要",,,,
29150141,1596632686,122iiCI,"<font color=""#789922"">&gt;&gt;No.29150022</font><br />
行动能力：有，参考背景里提到的失踪事件，以及管理员对此的讲解<br />
<br />
影噩数量，不妨来假设下看到1/2/3个影噩的情况下分别能得到什么信息呢",,,,
29150487,1596633431,AxPkv3o,"<font color=""#789922"">&gt;&gt;No.29150141</font><br />
我说的应该不确切，我是指“阖壶鬼确认在校内行动的情况下”预估影噩在校外的操纵精度以及最大行动范围，这个光是那几个失踪事件应该判断不出来。<br />
至于影噩数量这个得和尸体数量以及遇袭环境一起判断，也就是说之前说的三个情报都拿到才行，比如说“从校外扛回到校内的尸体在三个以上，影噩数量一个，那可能完全就是在赌，实际上影噩数量已经远远不够鬼方所需了，除去女寝众以外的人可能大体都是安全的”之类的鬼话。",,,,
29151568,1596635464,Ig7nipt,"<font color=""#789922"">&gt;&gt;No.29125599</font><br />
<font color=""#789922"">&gt;&gt;No.29130785</font><br />
<font color=""#789922"">&gt;&gt;No.29140880</font><br />
<font color=""#789922"">&gt;&gt;No.29141881</font><br />
<font color=""#789922"">&gt;&gt;No.29147400</font><br />
<font color=""#789922"">&gt;&gt;No.29149082</font><br />
<font color=""#789922"">&gt;&gt;No.29149507</font>",,,,
29152085,1596636547,Ig7nipt,"不，你没有吃棒棒糖的心情。你猛的冲入黑色的书室、到那窗帘那里，掀开……然后望向北门那个方向。迫切、犹豫与绝望并存的一瞬间，你最先看到的——正是一片空荡的北门。<br />
<br />
从这里看不见人，看不见鬼，也看不见尸。<br />
<br />
尖叫声是远去的，但不是四散进林子；有进入林子的，但很多则是绕了个圈，你觉得她们是从外面逃回向东门。极端恐惧下的人慌不择路，这条唯一有些光、有些熟悉感的路就成了本能下唯一的选择。<br />
<br />
现在问题只剩下一个：<br />
以鬼的速度，为什么居然能有人跑的掉？<br />
<br />
00:02<br />
<br />
当你捏紧手指时，身后是开抽屉的声音。<br />
<br />
温柔的手指从中摩挲着塑料的沙沙声。<br />
<br />
你的行动？",,,,
29152535,1596637401,gaPNusB,那么就是阖壶鬼自己前往的北门准备破坏校车的时候遇到了女寝众了啊( ﾟ∀。),,,,
29152788,1596637862,AxPkv3o,"我猜啊:<br />
1.女寝众在校外和某个未知势力/情况打了个照面<br />
2.影噩在校外的行动能力极度受限/阖壶鬼并未亲自指挥，使得在埋伏于某处之后就没做出像样的追击行为<br />
3.某个可能性，鬼方原本就打算顺着局势将女寝众引向东门，之后等到东门之后两方小鬼直接夹击包饺子(不过这样也基本宣告鬼方放弃了对校园西侧的把控)<br />
不过无论是那个可能性，看起来都挺有盼头的，突然非常后悔没和女寝众一起去北门做人肉摄像头( ﾟ∀ﾟ)",,,,
29153428,1596639035,122iiCI,"两个可能：<br />
<br />
一、遇到的是阖壶鬼派出侦察的伪噩，并没有击杀能力，女生们因为看到黑影而受惊溃散。可能性不高，毕竟有两个大人和天哥在场，并且伪噩按照之前的经验应该是留在操场陪前符的。<br />
<br />
二、遇到的是后符。已后符的身体素质要一次杀六个还是比较麻烦的，再加上咱们听到的尖叫声都是女声，再回想下咱们几次死在后符手里的特征：一刀刺进胸口，破坏胸腔的负压，使得人无法发声。<br />
<br />
这样就连上了：刚在教一杀死大爷的后符在听到广播后立刻做出判断，当即和影噩（耳机妹）分头行动，影噩前往男寝赶人（所以男寝发出有规律的玻璃破碎声，因为影噩在一间间宿舍用蛮力扫荡，存疑），阖壶鬼前往停车场破坏逃生工具。在停车场行动的后符目击到了开门的在天，之后选择尾随在天or前往北门外埋伏，再然后就是我们听到的事。<br />
<br />
需要和管理员确认，我们在打开北门时管理员有在看着，那我们离开之后到出现在东门和管理员打手势的这段时间里，她有在北门看到些什么？",,,,
29153552,1596639228,122iiCI,"<font color=""#789922"">&gt;&gt;No.29153428</font><br />
等等，漏了一段女寝众在小树林里的遭遇：没意外的话是看到一个小女孩后天哥出于责任看前去查看or天哥第一个被藏在树丛众的后符伏击，一刀刺进胸口无法发生，然后后符便以两个大人作为目标攻击，女生们目击之后受惊溃散",,,,
29153586,1596639288,76ggYgK,"<font color=""#789922"">&gt;&gt;No.29152788</font><br />
<br />
2的可能性比较高，另外女寝众别是把照明工具扔了吧……<br />
目前已知的照明工具，超自然组有两把手电筒，掩护组一把，广播组一把，燎自己有打火机勉强能算，然后女寝众有一把手电筒和一个灯座……<br />
“本能趋光”是不是在暗示“出学校不带照明必死”呢",,,,
29153662,1596639413,76ggYgK,"<font color=""#789922"">&gt;&gt;No.29153586</font><br />
<br />
必死-&gt;必鬼打墙",,,,
29153774,1596639605,76ggYgK,"<font color=""#789922"">&gt;&gt;No.29153428</font><br />
<br />
按道理名单总该能拿到吧，影噩定点爆破不行吗，还是说跟钢管打了个照面开始打斗？",,,,
29153891,1596639832,76ggYgK,"<font color=""#789922"">&gt;&gt;No.29153428</font><br />
那看到这里，我建议一个，跟图书管理员说自己刚才看到的情况，看起来还不算没得救，然后问下她的意见吧",,,,
29154024,1596640054,122iiCI,"<font color=""#789922"">&gt;&gt;No.29153774</font><br />
关于名单这点确实需要再确认，毕竟名单里男寝中至少有：在天、菌子哥、双基、旭、燎、方言小哥、摄像小哥、天哥。9个人，阖壶鬼并不清楚这些人现在在哪，所以即使是定点爆破也需要把这些人所待的宿舍都转一遍。",,,,
29154141,1596640267,122iiCI,"<font color=""#789922"">&gt;&gt;No.29153891</font><br />
按照经验管理员肯定会劝在天放弃救人，那么我们怎么选呢？在跑了几个钟头虽然拉了跨但还是在努力救人的情况下，面对管理员的劝说，是选择认命而放弃吗<br />
<br />
不甘心啊",,,,
29154251,1596640468,76ggYgK,"<font color=""#789922"">&gt;&gt;No.29154141</font><br />
<br />
至少我觉得要把“以鬼的速度，为什么居然能有人跑的掉？”这个问题问出来。图书管理员也许会有所动摇？",,,,
29154288,1596640547,122iiCI,"<font color=""#789922"">&gt;&gt;No.29154251</font><br />
管理员：你认为呢？<br />
<br />
坏得很啊，坏得很",,,,
29154355,1596640665,AxPkv3o,"<font color=""#789922"">&gt;&gt;No.29154141</font><br />
要去东门吗？要去最好立刻去，拖一分钟都是浪费，说服管理员一起去大概率也是白费口舌。但只要一去，我们接下来就别无选择，必须担起把这帮人送下山的责任，被鬼袭击/夹击的风险，以及——我们这是第几次鸽管理员了？",,,,
29154706,1596641319,122iiCI,"<font color=""#789922"">&gt;&gt;No.29154355</font><br />
我们把人引去北门→我们找了个理由没和他们一起去→去北门的人遇了袭→我们活了下来又出现在逃回学校的幸存者面前<br />
<br />
我如果是逃回来的女寝众肯定不会信这个人。<br />
<br />
这就是我前面打算去操场的原因，现在即使是被前符枪击但是能帮上一点忙也好，不管是让山脚下的人听到枪声报警，还是改变认知影响阵势，算是为这个拉跨的周目最后为幸存者做点贡献。<br />
<br />
但是现在估计也来不及了吧",,,,
29154818,1596641529,76ggYgK,"<font color=""#789922"">&gt;&gt;No.29154288</font><br />
<br />
那不至于，起码把阖壶实录给咱康康呗",,,,
29155045,1596641952,AxPkv3o,"<font color=""#789922"">&gt;&gt;No.29154706</font><br />
是这么个理，不过我们别无选择，要想去帮女寝众的话只能去东门，而且除非管理员入队，不然我们现在甚至连去操场破坏阵势的合理理由/能力都找不到，至于去男寝/被前符一枪崩这些选择就更完蛋了。<br />
虽然要我说我也不打算出去，在上帝视角问jk拿情报或许才是现在的最有用选择",,,,
29155117,1596642115,AxPkv3o,"<font color=""#789922"">&gt;&gt;No.29154818</font><br />
按照前几周目的惯例，康一次，10分钟起，到时候别说救人了，女寝众说不定都跑完了",,,,
29155231,1596642363,76ggYgK,"<font color=""#789922"">&gt;&gt;No.29155117</font><br />
那没办法，我们已经尽力兼顾救人和找图书管理员了……还是说我们应该挑更晚的时候（比如凌晨一两点之后）念书呢",,,,
29155258,1596642425,122iiCI,"<font color=""#789922"">&gt;&gt;No.29155045</font><br />
去操场的理由要编还是好编的，“如果现在鬼一个在北门外，一个在男寝的话，那鬼在其他地方不会不放松警惕。这个红雾一开始是从操场中发出来的，也许现在正是去哪里调查的机会”",,,,
29155326,1596642562,AxPkv3o,"<font color=""#789922"">&gt;&gt;No.29155231</font><br />
如果我们不打算出去的话，至少也要和管理员一起把这件事看完，问完管理员问题之后再看书，毕竟本来看书也有点处理垃圾时间的意思",,,,